0.008334 0.055232 0.244908 0.569717 6.627531 29.38736 68.36232 795.26001 3526.289551 8203.027344 -0.47644 0.411252 165.950958 -57.169716 49.347588 19913.019531 -6859.984863 5921.383789 13561.487305
0.210502 0.055175 0.244914 0.569731 34.542915 -109.041718 -62.93148 7040.741211 -22223.744141 -12826.145508 -0.479218 0.409757 165.951126 -106.569191 79.222763 12859.178711 2644.620117 290.0047 -7279.169922
0.236509 0.05521 0.244879 0.569766 49.464947 -156.109482 -90.088837 10081.047852 -31816.171875 -18361.265625 -0.482574 0.410337 165.949249 -152.426758 113.347534 18409.820313 -5732.827148 -2552.14624 -193.250229
0.261511 0.055219 0.245054 0.569649 49.461624 -156.088531 -90.108101 11869.777344 -37460.980469 -21622.65625 -0.474426 0.412257 165.947571 -151.630829 114.166061 18409.037109 -19723.386719 2307.310791 -10238.605469
0.286513 0.055232 0.244962 0.56959 49.463352 -156.129364 -90.110847 11870.139648 -37466.945313 -21624.154297 -0.473236 0.4085 165.949615 -152.24028 113.492645 18409.966797 -19793.865234 2203.514893 -10208.15918
0.311514 0.055227 0.244909 0.569649 49.463348 -156.113403 -90.100937 11870.614258 -37464.40625 -21623.884766 -0.479126 0.407646 165.94986 -152.105621 113.032875 18409.927734 -19894.335938 2080.604492 -10101.832031
0.336516 0.055283 0.244875 0.569752 49.466301 -156.108826 -90.086182 11870.22168 -37462.84375 -21620.556641 -0.482971 0.409975 165.952118 -152.634109 114.411873 18408.957031 -19772.757813 2284.851807 -10213.455078
0.361527 0.055125 0.244831 0.569683 49.44923 -156.119339 -90.103447 11869.449219 -37465.941406 -21622.642578 -0.481415 0.414674 165.952301 -152.055542 114.343674 18410.960938 -19972.320313 2280.36499 -10283.197266
0.386528 0.055136 0.244859 0.569683 49.463806 -156.114304 -90.091759 11870.955078 -37467.214844 -21621.662109 -0.478973 0.412441 165.952332 -152.301926 113.659256 18411.078125 -20200.304688 2210.402832 -10378.486328
0.411529 0.055202 0.24488 0.569768 49.460365 -156.107666 -90.082558 11869.101563 -37464.800781 -21620.261719 -0.474579 0.409729 165.953156 -151.962204 113.739349 18410.324219 -20046.058594 2212.764648 -10346.499023
0.436535 0.055212 0.244893 0.569786 49.458603 -156.105896 -90.082916 11869.270508 -37463.535156 -21618.972656 -0.484405 0.412933 165.953522 -153.858109 114.955544 18409.689453 -20043.40625 2367.735107 -10351.063477
0.461536 0.055248 0.244928 0.569766 49.461903 -156.106476 -90.087868 11869.913086 -37464.710938 -21620.023438 -0.479126 0.410365 165.951691 -152.428589 113.840431 18410.837891 -20089.800781 2281.018311 -10383.241211
0.486536 0.055221 0.244954 0.569786 49.461555 -156.102859 -90.080902 11870.963867 -37464.433594 -21619.349609 -0.47522 0.41339 165.950043 -152.564102 114.433014 18410.703125 -20167.677734 2345.13623 -10415.900391
0.511537 0.055236 0.244961 0.569776 49.462505 -156.094788 -90.086998 11870.134766 -37460.796875 -21619.537109 -0.476868 0.413117 165.955078 -152.772415 114.018486 18410.029297 -20098.46875 2260.485352 -10340.198242
0.536538 0.055229 0.244888 0.569728 49.462658 -156.115402 -90.103058 11870.25293 -37463.851563 -21622.4375 -0.484375 0.416717 165.954102 -154.126968 114.625259 18410.839844 -20289.919922 2389.998047 -10416.741211
0.561539 0.055211 0.244815 0.569738 49.47113 -156.131165 -90.101616 11872.896484 -37469.082031 -21623.748047 -0.480652 0.414791 165.950043 -153.638184 113.407677 18409.998047 -20044.035156 2381.825928 -10298.756836
0.58654 0.055293 0.244741 0.569577 49.473095 -156.126236 -90.117775 11871.945313 -37467.882813 -21625.169922 -0.475616 0.408691 165.951599 -153.095474 113.380318 18409.785156 -20022.595703 2309.635986 -10345.884766
0.611549 0.055217 0.244792 0.56965 49.408649 -155.953384 -89.992218 11852.579102 -37408.773438 -21587.191406 -0.477264 0.416566 165.952972 -153.732819 115.370399 18390.835938 -17509.453125 2569.212402 -9336.12207
0.636551 0.055229 0.244856 0.569766 49.461197 -156.107559 -90.081955 11863.925781 -37445.945313 -21609.345703 -0.475586 0.417912 165.957306 -153.474823 115.342392 18410.033203 -17661.154297 2532.314941 -9462.255859
0.661553 0.055216 0.244893 0.569793 49.459183 -156.113358 -90.084824 11869.96582 -37466.382813 -21619.957031 -0.470947 0.414149 165.956055 -152.604538 114.421486 18411.271484 -20214.925781 2310.347656 -10524.088867
0.686554 0.055196 0.244938 0.569782 49.457668 -156.11113 -90.092072 11869.93457 -37466.695313 -21621.589844 -0.470276 0.413602 165.951355 -152.901459 114.291222 18411.019531 -20330.130859 2295.716064 -10487.826172
0.711555 0.055162 0.244927 0.569796 49.454208 -156.104752 -90.089066 11868.835938 -37462.914063 -21620.384766 -0.473694 0.411553 165.952209 -153.336533 113.461197 18410.029297 -20220.751953 2246.456055 -10327.524414
0.736556 0.055196 0.244914 0.569708 49.459732 -156.110626 -90.106346 11868.967773 -37463.570313 -21622.652344 -0.47287 0.408753 165.95108 -153.374557 113.670502 18409.521484 -19854.662109 2341.463623 -10249.209961
0.761558 0.055218 0.244865 0.569805 49.458332 -156.111618 -90.080727 11869.037109 -37464.03125 -21619.580078 -0.473358 0.408473 165.952423 -152.83461 113.099258 18410.660156 -20133.076172 2221.252197 -10235.416016
0.78656 0.055222 0.244815 0.569756 49.461128 -156.114227 -90.088219 11869.959961 -37464.636719 -21619.273438 -0.471344 0.407933 165.950851 -152.521774 112.855019 18410.527344 -20103.664063 2202.181396 -10208.076172
0.811562 0.055244 0.24486 0.569742 49.459934 -156.108337 -90.089149 11869.405273 -37464.59375 -21620.001953 -0.472656 0.40796 165.947617 -153.040298 113.263985 18410.125 -20092.40625 2250.117676 -10235.114258
0.836562 0.05525 0.244837 0.569665 49.465466 -156.120026 -90.096291 11871.209961 -37467.136719 -21621.228516 -0.479401 0.41016 165.956223 -154.308578 114.023209 18411.117188 -20228.425781 2377.693604 -10335.90918
0.861563 0.055061 0.244805 0.569604 49.440895 -156.120651 -90.098755 11868.337891 -37467.882813 -21622.476563 -0.479553 0.414852 165.954681 -153.647141 113.988777 18411.435547 -20474.0 2374.477539 -10434.249023
0.886564 0.055041 0.244832 0.569611 49.447586 -156.116867 -90.098511 11867.513672 -37467.808594 -21623.384766 -0.477814 0.414674 165.951508 -153.547562 113.838745 18410.798828 -20321.757813 2360.578125 -10429.0
0.911565 0.05516 0.244834 0.569465 49.468624 -156.121506 -90.120895 11870.551758 -37468.5625 -21626.539063 -0.476318 0.406219 165.951645 -153.685211 113.161804 18410.507813 -20202.115234 2287.928223 -10396.979492
0.936566 0.05527 0.24485 0.569594 49.470268 -156.110077 -90.086578 11870.861328 -37465.296875 -21621.863281 -0.481934 0.40598 165.952164 -153.868881 114.161377 18409.390625 -20043.779297 2349.180664 -10319.237305
0.961568 0.055125 0.244863 0.569662 49.44968 -156.103012 -90.080666 11869.351563 -37462.839844 -21619.148438 -0.483215 0.411526 165.951462 -153.757187 114.279442 18410.148438 -20149.865234 2428.583008 -10328.62207
0.986569 0.055089 0.244853 0.569682 49.44701 -156.115005 -90.09346 11867.384766 -37466.132813 -21621.945313 -0.480835 0.409238 165.952606 -153.576752 113.883057 18410.923828 -20199.861328 2372.877686 -10417.824219
1.01157 0.055114 0.244913 0.569726 49.45023 -156.105072 -90.094444 11867.263672 -37464.730469 -21622.521484 -0.480469 0.406519 165.951248 -153.835541 114.153175 18409.4375 -20073.068359 2402.483398 -10400.134766
1.036572 0.055211 0.24491 0.569739 49.457081 -156.10083 -90.092331 11867.422852 -37461.367188 -21620.744141 -0.482819 0.401581 165.950195 -153.543274 113.246529 18409.251953 -19981.712891 2271.310059 -10252.126953
1.061573 0.055252 0.244937 0.569725 49.465435 -156.111969 -90.099007 11870.467773 -37465.199219 -21622.369141 -0.481384 0.405515 165.949677 -153.072617 113.67897 18410.892578 -20072.964844 2341.300293 -10249.75
1.086574 0.055247 0.244891 0.569729 49.466946 -156.115005 -90.090828 11871.708984 -37465.597656 -21621.085938 -0.484985 0.401916 165.95253 -153.358414 113.109039 18410.666016 -20261.572266 2209.827881 -10313.549805
1.111575 0.055221 0.244865 0.569741 49.46307 -156.125092 -90.099251 11871.088867 -37468.300781 -21623.214844 -0.48764 0.406007 165.950134 -153.853134 114.183846 18410.197266 -20109.017578 2408.774902 -10309.845703
1.136576 0.055231 0.244885 0.569736 49.462112 -156.104462 -90.096718 11870.109375 -37463.292969 -21621.941406 -0.492493 0.410003 165.950424 -153.927963 114.115196 18409.341797 -20131.5625 2384.700439 -10298.749023
1.161577 0.055087 0.244856 0.569696 49.449959 -156.116486 -90.104172 11869.176758 -37464.761719 -21622.816406 -0.492004 0.413267 165.949005 -153.364731 114.181915 18409.398438 -19832.9375 2409.624512 -10226.958984
1.18658 0.05518 0.244875 0.569739 49.465187 -156.081512 -90.075546 11868.506836 -37454.164063 -21615.476563 -0.484985 0.404784 165.948868 -152.970734 112.98893 18406.220703 -19480.941406 2321.653564 -10130.411133
1.211582 0.055165 0.244896 0.569664 49.462616 -156.121628 -90.10968 11869.673828 -37464.527344 -21622.392578 -0.486664 0.408657 165.944031 -153.342026 113.840431 18410.294922 -19661.740234 2373.756836 -10087.93457
1.236588 0.055192 0.244856 0.569739 49.464134 -156.117767 -90.097137 11870.573242 -37466.347656 -21623.601563 -0.492493 0.408964 165.948425 -153.928497 114.042534 18409.824219 -20101.806641 2344.966309 -10318.1875
1.261589 0.055265 0.244912 0.569661 49.464699 -156.107162 -90.112755 11869.826172 -37464.445313 -21624.740234 -0.486603 0.407346 165.946304 -152.852127 113.777809 18409.736328 -19952.363281 2352.657959 -10316.773438
1.286591 0.055224 0.244927 0.569673 49.459713 -156.117767 -90.099525 11870.490234 -37467.128906 -21623.291016 -0.488129 0.404088 165.945541 -153.483978 113.783875 18410.394531 -20085.728516 2309.269287 -10346.650391
1.311592 0.055206 0.244908 0.569798 49.458023 -156.117584 -90.084686 11869.757813 -37466.605469 -21621.34375 -0.489837 0.404661 165.944489 -153.778015 114.096626 18408.96875 -19946.560547 2396.688965 -10286.806641
1.336594 0.055213 0.244865 0.569803 49.458172 -156.114227 -90.084717 11869.200195 -37464.71875 -21619.212891 -0.498779 0.403166 165.94548 -154.429382 114.281036 18409.074219 -19931.863281 2379.233643 -10287.287109
1.361595 0.055275 0.244899 0.569745 49.462894 -156.106491 -90.086418 11869.553711 -37463.980469 -21618.710938 -0.492279 0.400058 165.941193 -153.255173 113.272186 18409.224609 -19893.369141 2369.164551 -10253.25
1.386596 0.055265 0.24485 0.569676 49.460464 -156.120834 -90.100082 11870.232422 -37466.941406 -21622.244141 -0.490784 0.400181 165.944641 -153.220215 112.859306 18411.007813 -20139.347656 2276.874023 -10216.084961
1.411597 0.05528 0.244871 0.569739 49.466789 -156.108429 -90.082916 11871.384766 -37464.976563 -21620.025391 -0.496948 0.401308 165.942352 -154.542786 113.118874 18409.294922 -20127.611328 2356.021484 -10197.761719
1.436599 0.055234 0.244887 0.569707 49.463146 -156.104248 -90.083496 11871.155273 -37463.1875 -21618.390625 -0.49472 0.405392 165.94017 -153.946106 113.328735 18408.847656 -19848.490234 2446.711182 -10128.837891
1.461599 0.055259 0.244871 0.569675 49.466621 -156.114792 -90.085869 11871.202148 -37465.96875 -21619.375 -0.497497 0.40072 165.941193 -153.714294 111.993805 18410.146484 -20009.265625 2203.251953 -10091.603516
1.4866 0.055202 0.245049 0.569744 49.457447 -156.092834 -90.077293 11870.405273 -37464.230469 -21619.177734 -0.49173 0.401274 165.946228 -153.116089 112.41349 18410.984375 -20175.121094 2290.164307 -10191.521484
1.511601 0.055177 0.244923 0.569644 49.455948 -156.124557 -90.107475 11869.373047 -37466.730469 -21623.572266 -0.500061 0.403596 165.941772 -154.997559 112.733673 18408.683594 -20055.199219 2368.480713 -10094.533203
1.536603 0.055212 0.244864 0.569718 49.459862 -156.117767 -90.089134 11869.199219 -37465.339844 -21621.265625 -0.505035 0.403835 165.943237 -154.997787 112.563202 18409.783203 -20147.355469 2381.384277 -10153.411133
1.561604 0.055233 0.244862 0.56973 49.461979 -156.107147 -90.087776 11869.925781 -37463.621094 -21620.041016 -0.501526 0.401123 165.941193 -154.236984 112.304268 18409.339844 -19990.294922 2377.249756 -10147.194336
1.586606 0.05521 0.244851 0.569733 49.463367 -156.118591 -90.088867 11871.107422 -37466.957031 -21620.597656 -0.499512 0.398897 165.945862 -154.242722 111.990578 18410.476563 -20086.621094 2334.440186 -10124.703125
1.611607 0.055205 0.244863 0.569696 49.464615 -156.11676 -90.09462 11871.375977 -37467.570313 -21621.826172 -0.499115 0.400208 165.941711 -155.045731 112.977333 18409.367188 -20133.136719 2487.335693 -10225.608398
1.636608 0.055236 0.244839 0.569758 49.467815 -156.111404 -90.073433 11871.18457 -37464.320313 -21617.326172 -0.502075 0.403835 165.945526 -155.039902 113.23587 18408.888672 -20071.441406 2482.52417 -10184.704102
1.661608 0.055213 0.244804 0.569734 49.464458 -156.123459 -90.087608 11871.149414 -37467.066406 -21619.490234 -0.496613 0.402674 165.943848 -153.886032 113.024055 18410.228516 -20001.001953 2416.772217 -10233.844727
1.686622 0.055236 0.244978 0.56978 49.465702 -156.101013 -90.082191 11871.229492 -37466.109375 -21620.019531 -0.485718 0.40072 165.94339 -153.020279 113.004379 18410.0625 -20016.101563 2377.782715 -10277.072266
1.711623 0.055248 0.244846 0.569683 49.46508 -156.133392 -90.107452 11871.244141 -37469.488281 -21624.025391 -0.493164 0.402284 165.945679 -154.814117 114.051895 18409.855469 -20151.005859 2430.086914 -10318.15332
1.736624 0.055234 0.244832 0.569653 49.459919 -156.123703 -90.101845 11870.394531 -37468.859375 -21623.65625 -0.500061 0.404415 165.948349 -154.707932 114.256744 18411.064453 -20443.675781 2416.644287 -10456.260742
1.761625 0.055275 0.244823 0.569667 49.469959 -156.118591 -90.097252 11871.99707 -37467.714844 -21623.169922 -0.495483 0.400536 165.943756 -153.877274 113.652748 18410.53125 -20305.152344 2401.116211 -10465.704102
1.786626 0.055237 0.244845 0.569719 49.46241 -156.108795 -90.086838 11871.092773 -37465.082031 -21620.816406 -0.494232 0.401608 165.949554 -153.745239 113.736839 18410.361328 -20185.894531 2392.739502 -10344.662109
1.811626 0.055231 0.244859 0.569698 49.467163 -156.115799 -90.097664 11871.780273 -37466.640625 -21622.363281 -0.493805 0.403965 165.949188 -154.001816 114.157623 18411.208984 -20348.048828 2431.857422 -10443.631836
1.836628 0.055205 0.2449 0.569677 49.463051 -156.105499 -90.102173 11871.083008 -37464.5625 -21623.441406 -0.496063 0.4071 165.94751 -154.405441 115.063728 18409.363281 -20136.109375 2525.671631 -10457.388672
1.861629 0.055238 0.244896 0.569688 49.466759 -156.104019 -90.095062 11870.668945 -37462.113281 -21621.359375 -0.497742 0.405727 165.947784 -154.29982 114.303688 18408.972656 -19984.507813 2456.750977 -10356.19043
1.88663 0.055227 0.24488 0.569645 49.462986 -156.114059 -90.107445 11870.391602 -37464.359375 -21623.556641 -0.497436 0.402551 165.951263 -154.590378 114.271248 18410.363281 -20139.021484 2489.752197 -10449.806641
1.911634 0.055136 0.244991 0.569431 49.454132 -156.098251 -90.128601 11869.639648 -37463.113281 -21626.591797 -0.495636 0.408787 165.947723 -154.921722 115.467781 18408.894531 -20014.847656 2692.684082 -10447.982422
1.936635 0.05517 0.244903 0.569569 49.462353 -156.135315 -90.104912 11870.052734 -37469.851563 -21626.386719 -0.504822 0.407995 165.949402 -156.556076 115.144379 18410.087891 -20339.042969 2649.604248 -10565.701172
1.961637 0.055111 0.244836 0.569738 49.451603 -156.120743 -90.087639 11868.800781 -37466.667969 -21622.6875 -0.503204 0.412017 165.944305 -155.395447 115.585854 18409.150391 -20249.451172 2719.94043 -10591.646484
1.986638 0.055182 0.244866 0.569797 49.463871 -156.10994 -90.089355 11869.65332 -37464.753906 -21621.103516 -0.497833 0.407585 165.950485 -154.728409 114.939972 18410.292969 -20191.408203 2600.17041 -10610.557617
2.011643 0.055204 0.245014 0.569622 49.437489 -156.006409 -90.066444 11860.829102 -37431.519531 -21606.419922 -0.492889 0.408753 165.950485 -154.424393 115.875809 18399.613281 -18768.898438 2736.279053 -10054.258789
2.036653 0.055232 0.244925 0.569734 49.468319 -156.122345 -90.093391 11868.143555 -37455.921875 -21617.007813 -0.502136 0.41281 165.955536 -156.267441 116.168526 18410.720703 -19233.683594 2777.481689 -10141.865234
2.061655 0.055152 0.244854 0.569738 49.453709 -156.110489 -90.09185 11869.152344 -37462.699219 -21620.480469 -0.499573 0.416867 165.953018 -154.941513 116.268143 18410.375 -20478.277344 2703.292236 -10782.649414
2.086656 0.055265 0.244834 0.569757 49.47467 -156.111679 -90.079964 11871.416992 -37463.730469 -21617.859375 -0.494904 0.408445 165.951889 -154.712845 114.990021 18411.152344 -20427.529297 2546.344971 -10758.817383
2.111657 0.055239 0.244839 0.569776 49.460861 -156.098846 -90.071785 11869.873047 -37460.285156 -21615.484375 -0.494415 0.410836 165.950668 -154.627975 115.735901 18409.646484 -20319.810547 2611.7854 -10650.930664
2.136658 0.05524 0.244873 0.569788 49.464294 -156.109802 -90.084351 11870.306641 -37463.339844 -21618.390625 -0.495697 0.416348 165.950165 -154.977859 117.066826 18410.03125 -20096.361328 2752.572754 -10678.12207
2.161659 0.055296 0.244863 0.569785 49.470413 -156.117966 -90.094238 11871.664063 -37466.832031 -21621.808594 -0.493683 0.415125 165.947235 -154.397263 116.254128 18411.3125 -20476.697266 2593.53418 -10842.960938
2.18666 0.055246 0.245017 0.569827 49.462929 -156.092194 -90.082672 11871.397461 -37462.980469 -21619.654297 -0.48587 0.415132 165.951141 -153.689148 116.384064 18411.007813 -20390.544922 2609.372559 -10844.844727
2.211673 0.055246 0.244917 0.569835 49.463581 -156.108124 -90.092697 11870.37207 -37461.726563 -21620.759766 -0.489716 0.414886 165.94986 -154.911224 116.011681 18409.945313 -20340.048828 2586.64502 -10703.419922
2.236674 0.055238 0.245 0.569868 49.463646 -156.098648 -90.088188 11870.505859 -37462.089844 -21620.035156 -0.492859 0.41727 165.953049 -154.92955 116.926682 18410.234375 -20175.982422 2686.743408 -10723.959961
2.261676 0.055202 0.245026 0.569901 49.454487 -156.09845 -90.088524 11868.711914 -37461.214844 -21620.123047 -0.48822 0.419838 165.948593 -154.301956 116.364029 18409.322266 -20161.535156 2680.148926 -10691.703125
2.286677 0.055174 0.244904 0.56977 49.46011 -156.119186 -90.103622 11869.953125 -37464.0625 -21621.359375 -0.492981 0.419251 165.948792 -154.648865 115.967728 18409.994141 -20120.138672 2557.668701 -10600.574219
2.311678 0.055138 0.244863 0.569772 49.458649 -156.121307 -90.091003 11870.162109 -37467.171875 -21621.097656 -0.494965 0.419428 165.950287 -154.92807 116.2509 18410.945313 -20377.324219 2624.2771 -10757.754883
2.336679 0.055191 0.244839 0.56976 49.466858 -156.115189 -90.083969 11870.850586 -37465.964844 -21619.205078 -0.496368 0.417024 165.950836 -154.757385 115.671852 18410.306641 -20385.105469 2558.27832 -10720.527344
2.362369 0.055186 0.24493 0.569596 49.46032 -156.106491 -90.104439 11870.123047 -37465.515625 -21621.925781 -0.493347 0.42007 165.948135 -154.895187 116.157417 18410.867188 -20420.503906 2693.189453 -10758.756836
2.38737 0.055204 0.244866 0.569553 49.46006 -156.121384 -90.096237 11869.731445 -37466.863281 -21621.703125 -0.495148 0.416594 165.947388 -156.04744 115.520287 18410.271484 -20545.035156 2674.212158 -10782.523438
2.41237 0.055182 0.244879 0.569525 49.459019 -156.115707 -90.106796 11870.057617 -37466.613281 -21624.445313 -0.493896 0.414551 165.948914 -155.135513 115.159134 18410.931641 -20388.871094 2606.128906 -10665.015625
2.437371 0.055214 0.244852 0.569628 49.465912 -156.120941 -90.103455 11871.162109 -37468.011719 -21625.949219 -0.499512 0.413882 165.949295 -155.861313 115.281303 18409.957031 -20334.197266 2623.747559 -10601.642578
2.462378 0.055203 0.244821 0.569625 49.462532 -156.112335 -90.104324 11870.742188 -37465.164063 -21624.216797 -0.497864 0.413022 165.946991 -154.953186 115.099792 18409.777344 -20311.333984 2601.010254 -10613.588867
2.487379 0.055283 0.244805 0.569557 49.472759 -156.125626 -90.118225 11871.871094 -37468.5625 -21626.623047 -0.49585 0.408083 165.945419 -154.95929 114.974724 18410.34375 -20260.392578 2575.757568 -10629.424805
2.51238 0.055324 0.244794 0.569643 49.472794 -156.112808 -90.094048 11872.460938 -37465.570313 -21623.029297 -0.498932 0.409115 165.952438 -155.069656 115.188301 18410.484375 -20365.373047 2567.610107 -10592.856445
2.537391 0.055261 0.244841 0.569766 49.410412 -155.928406 -89.984802 11851.90332 -37399.84375 -21584.470703 -0.498077 0.417413 165.950363 -155.158768 116.18927 18388.867188 -17546.357422 2804.890625 -9443.919922
2.562397 0.055178 0.244909 0.569732 49.458656 -156.095901 -90.094948 11863.536133 -37439.585938 -21608.220703 -0.492798 0.417147 165.947281 -154.548141 115.283875 18409.679688 -17504.554688 2663.625488 -9435.333984
2.587398 0.055151 0.244905 0.569785 49.46138 -156.115417 -90.095901 11870.467773 -37465.582031 -21622.576172 -0.493225 0.416901 165.944748 -155.326797 115.046898 18410.804688 -20349.048828 2615.675293 -10599.269531
2.612399 0.055172 0.244948 0.569804 49.463337 -156.107086 -90.087898 11870.697266 -37465.695313 -21621.015625 -0.490173 0.413233 165.94577 -154.610748 114.748512 18411.007813 -20439.414063 2525.652344 -10660.525391
2.6374 0.055196 0.244937 0.569805 49.460224 -156.104965 -90.084206 11869.68457 -37463.691406 -21619.441406 -0.498138 0.414032 165.951141 -155.715622 115.582573 18410.242188 -20408.453125 2600.366455 -10637.979492
2.662401 0.05523 0.245057 0.569663 49.465191 -156.09523 -90.098541 11870.737305 -37463.246094 -21620.839844 -0.489166 0.413629 165.949173 -154.158813 115.17804 18411.628906 -20504.384766 2590.077148 -10738.249023
2.687414 0.055207 0.244935 0.569729 49.385468 -155.876495 -89.944382 11843.53125 -37379.21875 -21570.650391 -0.494171 0.410645 165.949493 -154.77446 114.402718 18383.476563 -17016.486328 2471.468506 -9176.382813
2.712415 0.055203 0.24486 0.569709 49.460423 -156.113495 -90.085976 11861.238281 -37436.738281 -21603.369141 -0.495819 0.407742 165.94751 -154.484436 114.355965 18411.490234 -16974.080078 2449.915771 -9114.504883
2.737415 0.05519 0.244888 0.569695 49.462872 -156.109894 -90.09243 11871.083008 -37466.160156 -21621.617188 -0.498871 0.409975 165.95285 -155.357224 115.293549 18411.453125 -20585.640625 2594.197266 -10683.046875
2.762429 0.055229 0.244872 0.569747 49.395226 -155.885269 -89.957893 11845.425781 -37384.277344 -21574.509766 -0.492981 0.40796 165.948547 -154.119461 114.038307 18384.666016 -17114.359375 2537.001953 -9238.780273
2.787429 0.055233 0.245033 0.569531 49.466022 -156.098618 -90.126419 11862.923828 -37437.992188 -21611.078125 -0.487945 0.408384 165.94635 -153.843887 114.375641 18410.904297 -16923.947266 2491.275635 -9095.641602
2.81243 0.055191 0.244982 0.569484 49.462208 -156.120422 -90.120987 11871.337891 -37467.550781 -21627.996094 -0.488342 0.410126 165.943481 -154.78392 114.224785 18410.181641 -20307.390625 2515.76709 -10446.272461
2.837438 0.055206 0.244834 0.569658 49.419312 -155.983398 -90.008392 11854.290039 -37414.546875 -21593.367188 -0.490875 0.409395 165.945648 -155.216217 114.411926 18391.585938 -17840.533203 2604.161377 -9496.831055
2.862439 0.055243 0.244841 0.569645 49.473103 -156.1194 -90.10511 11866.87793 -37449.402344 -21613.853516 -0.490143 0.409087 165.945831 -153.731308 114.437057 18410.683594 -17919.521484 2486.229248 -9499.455078
2.887472 0.055238 0.244866 0.569783 49.283482 -155.518997 -89.743752 11805.235352 -37252.726563 -21498.826172 -0.487274 0.41214 165.945038 -152.948227 114.040749 18339.794922 -11353.241211 1163.218628 -7247.366211
2.912472 0.055293 0.244895 0.569788 49.47366 -156.115341 -90.099693 11849.921875 -37395.65625 -21582.1875 -0.484497 0.411314 165.946274 -153.202316 114.794456 18410.376953 -11443.091797 1101.085083 -7186.330078
2.937473 0.055081 0.24489 0.569776 49.457088 -156.105942 -90.084633 11872.334961 -37464.007813 -21619.363281 -0.490723 0.41867 165.949799 -154.106323 115.907898 18409.378906 -20038.607422 2529.397461 -10447.161133
2.96248 0.055173 0.244909 0.569767 49.473331 -156.109909 -90.092819 11871.84668 -37465.296875 -21621.365234 -0.486877 0.412837 165.946259 -153.320282 114.67971 18410.267578 -20077.376953 2398.852539 -10530.500977
2.987495 0.055187 0.244936 0.56978 49.461147 -156.094223 -90.082802 11869.821289 -37460.933594 -21618.867188 -0.486054 0.411676 165.946716 -153.822556 115.271576 18408.998047 -20030.699219 2492.355225 -10514.476563
3.012496 0.0552 0.244919 0.569762 49.465221 -156.114731 -90.093361 11870.804688 -37465.230469 -21620.964844 -0.484528 0.4071 165.947067 -154.041763 114.658409 18410.115234 -19973.6875 2468.528564 -10457.219727
3.037498 0.055189 0.244861 0.569741 49.458355 -156.10791 -90.085838 11869.511719 -37463.0 -21619.107422 -0.492126 0.410522 165.951614 -154.981812 115.057671 18408.667969 -20022.125 2535.577881 -10374.487305
3.062499 0.055186 0.24481 0.569722 49.45763 -156.117432 -90.092041 11868.983398 -37464.652344 -21620.203125 -0.489258 0.410098 165.947296 -154.62709 114.849823 18409.695313 -20098.228516 2584.268066 -10491.384766
3.087499 0.055216 0.244838 0.569698 49.46336 -156.11734 -90.098198 11870.350586 -37467.214844 -21622.451172 -0.484314 0.411102 165.944946 -153.548981 114.786263 18410.394531 -20121.783203 2487.056396 -10482.935547
3.112504 0.055171 0.24486 0.569692 49.438103 -156.051331 -90.063385 11863.089844 -37444.085938 -21610.185547 -0.480774 0.412441 165.950256 -153.46611 115.109581 18403.162109 -19229.083984 2550.553955 -10146.632813
3.137505 0.055154 0.24489 0.569703 49.460777 -156.117828 -90.107292 11868.115234 -37460.152344 -21620.966797 -0.48703 0.414306 165.950745 -154.405334 115.680405 18410.537109 -19323.0625 2559.462891 -10171.087891
3.162506 0.055323 0.244804 0.56961 49.482048 -156.124329 -90.110092 11872.824219 -37467.25 -21624.294922 -0.482757 0.405269 165.950745 -153.382065 114.065483 18410.337891 -20220.695313 2340.446289 -10550.229492
3.187507 0.055236 0.244831 0.569709 49.459213 -156.110016 -90.072861 11871.041016 -37465.449219 -21618.140625 -0.479462 0.408568 165.951447 -153.176208 115.332123 18411.265625 -20260.585938 2458.984863 -10571.09375
3.212508 0.055189 0.244816 0.569814 49.461185 -156.113922 -90.079338 11870.936523 -37465.777344 -21619.783203 -0.481995 0.409299 165.953201 -153.477692 115.028488 18410.521484 -20271.142578 2384.118408 -10532.158203
3.237509 0.055177 0.244845 0.569773 49.461525 -156.119049 -90.096031 11870.507813 -37467.644531 -21621.677734 -0.480743 0.407038 165.955032 -153.329407 115.030502 18411.46875 -20307.767578 2391.250732 -10608.256836
3.262509 0.055055 0.244831 0.569743 49.449516 -156.122208 -90.098755 11869.450195 -37468.5 -21622.910156 -0.484009 0.412899 165.956787 -153.722565 115.293549 18412.185547 -20638.238281 2413.854248 -10648.136719
3.28751 0.055129 0.24518 0.569575 49.469391 -156.075226 -90.114601 11871.154297 -37461.730469 -21624.308594 -0.468475 0.409634 165.954742 -151.656326 114.66629 18411.4375 -20331.597656 2343.724121 -10664.074219
3.312521 0.055159 0.245029 0.569441 49.46344 -156.130417 -90.134544 11870.381836 -37467.785156 -21629.589844 -0.478455 0.401977 165.958206 -154.182816 114.041237 18412.376953 -20605.810547 2222.599609 -10590.500977
3.337528 0.055163 0.244895 0.569639 49.465214 -156.143814 -90.098198 11871.385742 -37471.976563 -21626.064453 -0.48703 0.403931 165.951904 -155.242493 114.773972 18411.015625 -20634.238281 2470.399414 -10598.413086
3.362532 0.055249 0.24485 0.569744 49.473412 -156.12587 -90.088684 11872.1875 -37468.925781 -21622.423828 -0.491089 0.401424 165.951981 -154.330643 114.755066 18411.523438 -20555.996094 2397.733643 -10645.597656
3.387855 0.055244 0.24479 0.569677 48.654457 -153.56778 -88.624977 11581.22168 -36552.675781 -21094.337891 -0.486816 0.404976 165.952301 -150.806 113.396858 18109.574219 15989.701172 342.013336 -12269.953125
3.412857 0.055249 0.244839 0.56973 49.461857 -156.102264 -90.079071 11772.816406 -37156.058594 -21441.308594 -0.483765 0.402804 165.952667 -152.872299 114.76432 18410.275391 16133.652344 200.777328 -12266.922852
3.437867 0.055237 0.244828 0.569785 49.461216 -156.112061 -90.082314 11869.974609 -37463.957031 -21618.947266 -0.48407 0.404566 165.950134 -153.280304 114.940025 18410.445313 -20112.703125 2406.188965 -10453.625977
3.462883 0.055266 0.244848 0.56978 49.466278 -156.105911 -90.085945 11870.842773 -37463.636719 -21619.365234 -0.483459 0.407441 165.949463 -153.049164 115.385826 18410.169922 -20082.210938 2428.210693 -10492.654297
3.487883 0.055208 0.244823 0.569799 49.459412 -156.112106 -90.084541 11870.428711 -37464.484375 -21619.365234 -0.483795 0.408725 165.952911 -153.456635 115.345718 18410.8125 -20225.953125 2438.022949 -10562.62207
3.512884 0.055179 0.244892 0.569789 49.45631 -156.10321 -90.083488 11869.051758 -37462.976563 -21618.289063 -0.483276 0.410645 165.949738 -154.04039 115.230598 18409.388672 -20121.666016 2524.379883 -10504.772461
3.537885 0.055158 0.244951 0.569767 49.457455 -156.109283 -90.099899 11869.438477 -37465.015625 -21622.46875 -0.483673 0.414613 165.951691 -154.518005 115.919785 18410.265625 -20057.169922 2628.632568 -10536.578125
3.562898 0.055196 0.244874 0.56978 49.389423 -155.892838 -89.965042 11844.288086 -37385.953125 -21576.089844 -0.486267 0.41199 165.9505 -153.963364 114.853813 18384.580078 -16967.875 2447.291748 -9199.053711
3.587899 0.05522 0.244862 0.569797 49.463272 -156.11467 -90.093216 11862.203125 -37440.085938 -21606.890625 -0.487762 0.409634 165.950409 -154.330719 114.491203 18410.759766 -17015.373047 2451.650146 -9138.920898
3.6129 0.055236 0.244929 0.569584 49.464657 -156.111145 -90.116905 11870.861328 -37466.300781 -21624.212891 -0.483948 0.407995 165.952911 -153.809799 114.398232 18410.371094 -20248.689453 2451.288574 -10510.898438
3.637901 0.055265 0.244877 0.569664 49.468494 -156.116653 -90.102707 11871.37207 -37465.179688 -21624.601563 -0.486542 0.405761 165.950485 -154.687561 114.849869 18409.226563 -20048.228516 2512.863525 -10460.489258
3.66294 0.055262 0.244847 0.569699 49.467995 -156.121902 -90.094894 11871.929688 -37467.472656 -21622.509766 -0.487762 0.411956 165.950256 -154.560349 115.09684 18410.726563 -20300.751953 2564.438721 -10495.610352
3.688003 0.055216 0.244843 0.569719 49.46014 -156.113342 -90.090607 11870.675781 -37465.804688 -21621.257813 -0.485596 0.410706 165.950775 -153.856354 114.780212 18410.082031 -20213.458984 2465.266602 -10533.141602
3.713014 0.055211 0.245019 0.569712 49.463253 -156.102036 -90.096825 11870.823242 -37465.675781 -21622.353516 -0.476044 0.409518 165.955826 -152.826172 114.615784 18411.271484 -20144.183594 2434.681152 -10522.730469
3.738015 0.055241 0.244914 0.56971 49.463562 -156.113434 -90.093719 11870.177734 -37463.652344 -21621.273438 -0.483734 0.411526 165.949387 -154.171234 115.431389 18408.146484 -19968.189453 2459.457031 -10415.125
3.763016 0.055246 0.244893 0.569737 49.468761 -156.116943 -90.095596 11871.772461 -37465.691406 -21622.134766 -0.489593 0.41449 165.952576 -154.049591 115.267319 18410.738281 -20105.732422 2452.936768 -10446.350586
3.788018 0.055234 0.244888 0.569754 49.466248 -156.110107 -90.085976 11871.637695 -37465.003906 -21620.115234 -0.486145 0.416136 165.949677 -153.631638 115.35965 18409.658203 -20137.1875 2517.185059 -10550.248047
3.813018 0.055211 0.244851 0.569731 49.464527 -156.111237 -90.087883 11871.170898 -37464.105469 -21619.558594 -0.48584 0.412441 165.95491 -154.02684 114.962929 18410.404297 -20156.326172 2462.701172 -10553.646484
3.838019 0.055205 0.244828 0.569715 49.467701 -156.119797 -90.096825 11871.913086 -37467.074219 -21622.238281 -0.492523 0.414791 165.952362 -155.114182 115.689476 18410.283203 -20291.388672 2572.455566 -10588.356445
3.86302 0.05517 0.244848 0.569698 49.46072 -156.112396 -90.091888 11870.641602 -37465.910156 -21621.023438 -0.489044 0.415433 165.95433 -154.221375 114.826866 18410.380859 -20311.962891 2531.368408 -10565.320313
3.888021 0.055206 0.244867 0.569728 49.46439 -156.110809 -90.089149 11870.273438 -37464.789063 -21620.642578 -0.48407 0.41016 165.951477 -153.597855 114.073685 18410.105469 -20142.583984 2406.981934 -10476.849609
3.913022 0.055224 0.244868 0.569723 49.462742 -156.114822 -90.091766 11870.149414 -37465.503906 -21620.748047 -0.479736 0.408937 165.954559 -153.247192 114.350754 18410.716797 -20171.4375 2399.375 -10467.073242
3.938023 0.05521 0.24487 0.569768 49.462997 -156.120453 -90.090012 11870.891602 -37467.59375 -21621.474609 -0.484314 0.408022 165.951309 -153.868454 114.695236 18410.365234 -20171.433594 2380.425781 -10455.445313
3.963024 0.055184 0.24485 0.569797 49.460312 -156.12088 -90.090828 11870.650391 -37468.09375 -21621.859375 -0.485504 0.411744 165.952911 -153.536179 114.755066 18411.050781 -20323.558594 2404.375732 -10485.983398
3.988025 0.05513 0.244885 0.569756 49.45623 -156.113022 -90.091537 11869.854492 -37466.285156 -21620.59375 -0.485016 0.413144 165.953369 -153.270706 114.91626 18410.306641 -20208.984375 2401.480469 -10501.614258
4.013026 0.055228 0.244848 0.569688 49.471485 -156.122498 -90.101372 11871.314453 -37467.519531 -21622.582031 -0.480377 0.403965 165.954453 -152.632828 113.988731 18411.523438 -20240.308594 2249.008301 -10544.648438
4.038027 0.055222 0.244859 0.569689 49.46563 -156.119415 -90.09317 11871.634766 -37468.1875 -21622.007813 -0.483978 0.410549 165.953018 -153.626907 115.583748 18410.523438 -20255.289063 2461.070068 -10519.572266
4.063028 0.055271 0.244873 0.569659 49.469978 -156.121155 -90.10186 11871.898438 -37468.65625 -21623.65625 -0.487305 0.410392 165.954224 -153.868774 114.903419 18411.171875 -20399.123047 2392.816895 -10574.938477
4.088029 0.055245 0.244849 0.569748 49.469627 -156.124664 -90.092072 11872.886719 -37468.949219 -21623.009766 -0.485657 0.414271 165.952484 -153.215042 115.063293 18410.953125 -20312.664063 2423.760498 -10538.777344
4.11303 0.055229 0.244805 0.569764 49.463043 -156.120071 -90.08844 11870.707031 -37466.117188 -21620.275391 -0.486847 0.414306 165.959381 -153.491364 115.351891 18410.609375 -20306.03125 2416.446289 -10608.53125
4.138031 0.055219 0.24484 0.569721 49.466484 -156.12851 -90.099426 11871.447266 -37469.28125 -21622.052734 -0.489655 0.417174 165.959625 -153.676575 115.97551 18411.800781 -20379.080078 2466.154053 -10675.568359
4.163035 0.0552 0.24488 0.569522 49.45031 -156.084244 -90.100632 11866.77832 -37455.851563 -21618.427734 -0.488464 0.417475 165.95517 -153.434448 115.475861 18407.892578 -20139.150391 2470.052246 -10569.310547
4.188036 0.055214 0.244872 0.569679 49.45697 -156.107529 -90.095406 11867.44043 -37459.289063 -21621.458984 -0.484467 0.416901 165.955521 -152.747589 115.258514 18410.728516 -19805.386719 2433.073486 -10419.842773
4.213037 0.055163 0.24487 0.569634 49.455513 -156.12056 -90.115509 11869.40332 -37466.839844 -21625.880859 -0.483154 0.413698 165.957657 -152.896805 115.077171 18412.837891 -20510.128906 2316.457031 -10705.285156
4.238039 0.055236 0.244829 0.569695 49.468536 -156.107239 -90.096634 11870.740234 -37463.089844 -21622.886719 -0.485809 0.414271 165.953735 -153.417786 115.195412 18410.076172 -20324.738281 2380.706299 -10578.137695
4.26304 0.05527 0.244865 0.569639 49.469246 -156.099487 -90.094933 11871.242188 -37461.597656 -21620.361328 -0.487946 0.414394 165.951385 -153.387589 115.160439 18411.013672 -20268.736328 2384.193604 -10556.802734
4.288041 0.055217 0.244829 0.569731 49.458542 -156.120255 -90.08754 11870.390625 -37467.003906 -21621.5625 -0.484253 0.415958 165.949448 -153.307465 115.36982 18411.699219 -20424.808594 2453.835205 -10669.169922
4.313043 0.055205 0.244836 0.569749 49.462433 -156.112442 -90.089966 11870.742188 -37465.746094 -21621.087891 -0.483429 0.417878 165.950104 -153.459915 115.243271 18411.015625 -20409.941406 2432.079346 -10624.461914
4.338044 0.055193 0.244853 0.56974 49.463322 -156.116837 -90.101379 11870.704102 -37466.226563 -21623.009766 -0.48407 0.417598 165.946198 -154.26384 115.766106 18409.617188 -20130.509766 2553.057129 -10601.28125
4.363046 0.055219 0.244907 0.569581 49.470741 -156.115631 -90.123016 11872.177734 -37467.175781 -21626.451172 -0.484955 0.419838 165.951538 -153.32431 115.64521 18411.269531 -20211.869141 2440.480713 -10580.786133
4.388054 0.05521 0.244883 0.569657 49.466991 -156.119278 -90.120659 11872.009766 -37467.660156 -21629.693359 -0.48346 0.417666 165.946716 -153.686127 116.154961 18409.978516 -20170.001953 2519.421875 -10707.46875
4.413056 0.055156 0.244903 0.569702 49.458309 -156.113495 -90.101982 11870.348633 -37466.167969 -21624.345703 -0.486999 0.417147 165.946106 -154.127182 116.044769 18409.330078 -20083.091797 2519.53125 -10603.240234
4.438057 0.0552 0.244853 0.569794 49.462746 -156.114502 -90.097862 11869.771484 -37464.699219 -21623.615234 -0.490143 0.417755 165.949249 -154.468185 116.167747 18409.572266 -20036.453125 2583.924072 -10586.991211
4.463058 0.055292 0.244847 0.569763 49.473652 -156.117798 -90.09552 11871.916992 -37466.839844 -21621.705078 -0.480865 0.413821 165.948242 -152.894775 115.142738 18410.703125 -20103.179688 2457.887939 -10611.493164
4.48806 0.055235 0.244857 0.569797 49.459911 -156.107056 -90.082657 11870.543945 -37463.769531 -21619.130859 -0.485077 0.418335 165.948975 -153.369781 115.720741 18409.318359 -20064.902344 2438.12207 -10480.568359
4.513071 0.055249 0.244856 0.569764 49.467049 -156.113342 -90.087891 11871.018555 -37464.394531 -21619.017578 -0.480896 0.414121 165.950775 -153.461456 115.262886 18410.228516 -20007.662109 2474.781738 -10560.540039
4.538072 0.055254 0.244884 0.56974 49.468552 -156.111053 -90.088875 11871.712891 -37464.996094 -21619.791016 -0.489075 0.419066 165.952789 -154.72464 116.598846 18409.214844 -20001.058594 2607.595215 -10540.145508
4.563073 0.055269 0.244885 0.56979 49.470871 -156.113342 -90.083946 11872.148438 -37465.148438 -21619.673828 -0.482788 0.418274 165.949677 -153.986069 115.906258 18409.226563 -19982.955078 2626.84668 -10607.994141
4.588074 0.055272 0.244866 0.569754 49.472401 -156.118881 -90.091515 11872.897461 -37466.90625 -21620.667969 -0.488861 0.419613 165.952255 -154.128922 116.181236 18410.212891 -20082.966797 2507.567871 -10579.351563
4.613075 0.055243 0.244908 0.569739 49.467674 -156.105606 -90.090256 11872.234375 -37464.605469 -21620.671875 -0.48642 0.42007 165.95343 -153.674759 116.216057 18409.972656 -20167.455078 2552.969971 -10686.766602
4.638076 0.055271 0.244871 0.569694 49.4701 -156.118896 -90.103271 11871.99707 -37466.652344 -21623.351563 -0.486816 0.413821 165.957321 -154.308746 116.307457 18410.279297 -20091.037109 2559.017334 -10734.418945
4.663077 0.055239 0.244919 0.56952 49.462658 -156.104034 -90.117493 11871.074219 -37464.320313 -21624.917969 -0.484467 0.416321 165.957138 -153.72583 116.261139 18410.134766 -20238.125 2567.380859 -10696.057617
4.688078 0.055187 0.244924 0.569692 49.459961 -156.107941 -90.095032 11870.474609 -37463.890625 -21624.085938 -0.481567 0.420501 165.95224 -153.428452 116.596344 18409.738281 -20086.013672 2585.994873 -10656.009766
4.71308 0.0552 0.244858 0.569659 49.4599 -156.112656 -90.109589 11869.310547 -37463.300781 -21624.228516 -0.48349 0.417297 165.951538 -153.848694 115.975616 18409.042969 -19973.710938 2496.673584 -10590.791016
4.738081 0.055216 0.244858 0.569705 49.464043 -156.110565 -90.102959 11870.023438 -37463.035156 -21623.349609 -0.482941 0.414886 165.947662 -153.80838 116.314857 18407.925781 -19644.332031 2573.784424 -10497.53418
4.763083 0.055199 0.244885 0.569639 49.458298 -156.10553 -90.10453 11869.125 -37462.207031 -21622.103516 -0.480347 0.417208 165.949768 -153.532593 116.291145 18409.009766 -19798.644531 2587.895752 -10512.601563
4.788105 0.055219 0.244857 0.569683 49.408752 -155.943756 -90.000542 11850.331055 -37402.457031 -21587.128906 -0.47934 0.415282 165.94986 -153.360397 115.963684 18389.085938 -17221.035156 2524.935059 -9408.052734
4.813124 0.055216 0.244871 0.569693 49.464046 -156.122055 -90.107582 11864.362305 -37447.257813 -21613.128906 -0.478332 0.413787 165.949432 -153.205292 115.990273 18410.484375 -17462.082031 2509.075439 -9464.886719
4.838141 0.055247 0.244886 0.569807 49.373623 -155.812424 -89.91555 11837.415039 -37357.941406 -21559.869141 -0.485382 0.419551 165.950104 -153.837646 117.046379 18373.888672 -15470.256836 2370.394287 -8602.418945
4.863142 0.055234 0.244864 0.569748 49.463448 -156.111465 -90.09227 11859.362305 -37428.378906 -21599.330078 -0.487762 0.415398 165.952271 -154.09581 116.263641 18410.193359 -15655.106445 2337.768066 -8712.28125
4.888149 0.055204 0.244886 0.56974 49.460545 -156.108337 -90.090057 11870.302734 -37464.242188 -21620.310547 -0.480804 0.414094 165.950745 -153.083237 115.586624 18410.113281 -20077.947266 2498.902588 -10613.12207
4.91315 0.055223 0.244802 0.569667 49.46653 -156.122192 -90.102356 11871.048828 -37466.058594 -21622.316406 -0.480347 0.411314 165.95343 -153.434891 114.987556 18410.431641 -20132.572266 2405.110352 -10533.137695
4.938151 0.055213 0.244873 0.569772 49.465565 -156.118118 -90.08873 11871.444336 -37468.019531 -21622.039063 -0.480835 0.414736 165.952911 -153.922318 115.682861 18410.880859 -20274.662109 2519.968262 -10602.007813
4.963152 0.055228 0.244885 0.569735 49.468079 -156.120148 -90.10379 11871.93457 -37468.390625 -21624.011719 -0.485077 0.417113 165.953964 -154.1819 115.386215 18411.636719 -20559.052734 2448.126709 -10670.009766
4.988154 0.055221 0.244879 0.569785 49.470783 -156.10997 -90.085739 11872.422852 -37464.230469 -21620.099609 -0.481354 0.414456 165.950684 -153.352448 114.417603 18409.263672 -20092.287109 2405.949707 -10461.407227
5.013155 0.055312 0.244825 0.569728 49.473267 -156.117584 -90.096848 11871.397461 -37464.660156 -21620.822266 -0.481598 0.4096 165.950089 -153.653076 114.630226 18410.179688 -20050.810547 2392.823975 -10474.635742
5.038156 0.05523 0.244813 0.569754 49.464279 -156.1185 -90.083107 11872.176758 -37466.929688 -21619.544922 -0.483063 0.412379 165.95282 -153.847412 115.409119 18410.558594 -20132.292969 2490.221436 -10507.601563
5.063157 0.055198 0.244784 0.569779 49.462078 -156.12178 -90.08416 11871.170898 -37468.183594 -21620.195313 -0.485138 0.413787 165.95256 -153.881683 114.761673 18411.251953 -20440.337891 2407.583008 -10559.967773
5.088159 0.055229 0.244826 0.569797 49.46151 -156.104568 -90.07605 11869.665039 -37463.640625 -21617.326172 -0.482941 0.414579 165.951752 -153.168137 114.744652 18409.947266 -20211.414063 2397.529785 -10497.639648
5.11316 0.055269 0.244852 0.569787 49.466007 -156.10994 -90.079353 11870.375977 -37463.96875 -21617.285156 -0.479614 0.412994 165.952118 -153.046112 114.956367 18410.703125 -20103.488281 2405.24707 -10517.264648
5.138166 0.055258 0.244863 0.569806 49.43713 -156.021851 -90.029045 11860.995117 -37432.53125 -21599.822266 -0.482117 0.415159 165.951202 -153.826492 115.331566 18399.667969 -18834.835938 2549.075439 -9958.283203
5.163167 0.055251 0.244901 0.569747 49.463619 -156.103714 -90.084114 11867.280273 -37452.566406 -21611.90625 -0.483154 0.415713 165.950653 -153.30307 114.88916 18410.939453 -18951.25 2460.207031 -9961.473633
5.188169 0.055199 0.244994 0.569487 49.457741 -156.093994 -90.115524 11869.956055 -37461.832031 -21622.794922 -0.480804 0.419893 165.950226 -153.220078 115.490784 18410.378906 -20149.394531 2479.463379 -10529.734375
5.21317 0.055145 0.24495 0.569424 49.456306 -156.125183 -90.117455 11869.870117 -37468.0625 -21626.503906 -0.479248 0.418793 165.95282 -153.838364 114.611633 18411.035156 -20243.916016 2442.565186 -10515.100586
5.238171 0.055147 0.244861 0.569646 49.463047 -156.138062 -90.092941 11870.664063 -37470.492188 -21624.712891 -0.486267 0.415521 165.952789 -154.60376 114.826866 18409.884766 -20262.833984 2420.763428 -10530.195313
5.263172 0.0552 0.24486 0.569687 49.466599 -156.11879 -90.094627 11870.563477 -37466.441406 -21622.105469 -0.483063 0.416225 165.951202 -153.3517 114.271248 18410.078125 -20093.15625 2411.312988 -10393.771484
5.288178 0.055215 0.244879 0.569723 49.463303 -156.119064 -90.099457 11870.551758 -37467.5 -21623.617188 -0.484985 0.418486 165.95343 -153.275589 114.823097 18411.052734 -20196.724609 2371.718506 -10455.645508
5.313179 0.055231 0.244863 0.56971 49.462208 -156.114441 -90.096992 11870.269531 -37465.890625 -21622.3125 -0.484009 0.414271 165.952728 -153.525986 114.174545 18409.839844 -20127.541016 2361.483398 -10446.009766
5.33818 0.05522 0.244854 0.569758 49.46027 -156.113586 -90.087479 11869.984375 -37465.0625 -21620.503906 -0.484405 0.414551 165.950775 -153.392151 114.753159 18409.292969 -19911.664063 2412.101563 -10367.408203
5.363182 0.055219 0.244846 0.56979 49.457806 -156.106552 -90.086655 11868.99707 -37462.671875 -21619.652344 -0.485626 0.415071 165.948669 -153.557358 114.142242 18408.904297 -19920.369141 2384.017578 -10283.49707
5.388981 0.055196 0.244899 0.569731 49.459274 -156.105896 -90.09536 11869.673828 -37463.382813 -21620.423828 -0.480011 0.413602 165.951645 -152.831833 113.682747 18409.599609 -19748.197266 2357.192871 -10219.416016
5.413982 0.055056 0.244916 0.569639 49.442883 -156.110504 -90.107628 11867.651367 -37464.699219 -21623.310547 -0.480072 0.415494 165.954544 -153.335785 114.200768 18410.15625 -20046.558594 2375.14917 -10329.297852
5.438984 0.055088 0.244904 0.569597 49.462036 -156.119583 -90.109398 11870.006836 -37467.1875 -21624.878906 -0.483398 0.409729 165.949402 -153.742493 113.837975 18409.421875 -19936.761719 2314.296631 -10318.410156
5.463985 0.055167 0.244892 0.569694 49.471336 -156.112564 -90.083649 11871.553711 -37465.5 -21620.689453 -0.483826 0.407646 165.948547 -153.624725 113.232796 18409.453125 -20039.935547 2316.496582 -10250.274414
5.488986 0.055206 0.244997 0.569527 49.467644 -156.101044 -90.109764 11871.251953 -37464.425781 -21623.160156 -0.47995 0.405092 165.950882 -152.801804 113.733879 18410.404297 -19959.722656 2310.712646 -10311.885742
5.513988 0.055195 0.245002 0.569531 49.46104 -156.098831 -90.105743 11870.384766 -37462.449219 -21624.664063 -0.477539 0.403623 165.951996 -153.205673 114.242516 18409.548828 -19992.488281 2375.883301 -10373.262695
5.538989 0.055203 0.244909 0.569681 49.465591 -156.120132 -90.079628 11870.734375 -37464.699219 -21619.662109 -0.484009 0.403808 165.948212 -153.761826 113.174355 18408.996094 -19989.193359 2272.262939 -10154.542969
5.56399 0.055245 0.244866 0.569775 49.469517 -156.121994 -90.084465 11871.423828 -37466.582031 -21620.435547 -0.48587 0.404941 165.948303 -153.488541 114.070747 18410.181641 -19934.638672 2364.580566 -10265.510742
5.588992 0.055274 0.244871 0.56982 49.468838 -156.108353 -90.081001 11871.681641 -37464.738281 -21619.308594 -0.480988 0.400208 165.948135 -152.283356 113.649139 18410.027344 -20020.925781 2239.624268 -10356.165039
5.613993 0.055301 0.244897 0.569822 49.471077 -156.1064 -90.076248 11872.015625 -37463.828125 -21617.136719 -0.481781 0.403739 165.947739 -152.661636 113.910583 18410.056641 -19997.275391 2284.342285 -10240.574219
5.638994 0.055322 0.244956 0.569893 49.477421 -156.108154 -90.072792 11873.844727 -37465.460938 -21617.712891 -0.47934 0.402708 165.948151 -152.555298 114.424812 18410.070313 -19884.658203 2323.399414 -10343.365234
5.663995 0.055259 0.244923 0.569945 49.468658 -156.110565 -90.069023 11873.188477 -37465.449219 -21616.947266 -0.482056 0.404661 165.949493 -152.601425 113.960915 18411.082031 -20224.458984 2223.878418 -10344.19043
5.688996 0.05527 0.244756 0.569863 49.465244 -156.122086 -90.072861 11871.085938 -37465.5625 -21615.541016 -0.48645 0.401035 165.954483 -152.933075 113.425446 18411.009766 -20270.119141 2168.886963 -10351.499023
5.713997 0.055257 0.244846 0.569808 49.46394 -156.102142 -90.067551 11870.865234 -37463.738281 -21614.224609 -0.483002 0.404976 165.956757 -152.947693 114.196625 18411.453125 -20339.726563 2361.266846 -10437.542969
5.738998 0.055234 0.244866 0.569708 49.465191 -156.103226 -90.091438 11871.329102 -37463.0 -21619.320313 -0.478729 0.411102 165.952255 -153.148529 114.920357 18410.296875 -20178.253906 2469.82666 -10451.384766
5.763999 0.055224 0.244857 0.569674 49.464851 -156.107025 -90.094391 11871.051758 -37463.492188 -21620.964844 -0.483002 0.413759 165.957947 -153.486435 114.700653 18411.810547 -20449.078125 2338.280273 -10521.081055
5.789001 0.055167 0.244842 0.569722 49.452114 -156.098938 -90.081367 11868.209961 -37460.015625 -21618.197266 -0.482086 0.414271 165.955139 -153.488663 114.654144 18409.769531 -20232.875 2411.251953 -10490.060547
5.814002 0.055174 0.244836 0.569736 49.463165 -156.118744 -90.094933 11870.1875 -37465.632813 -21621.371094 -0.476837 0.412195 165.955704 -152.865295 114.488747 18412.017578 -20226.935547 2364.197754 -10519.567383
5.839003 0.055166 0.244888 0.56971 49.460518 -156.113556 -90.105347 11870.441406 -37467.382813 -21624.552734 -0.478729 0.414149 165.95401 -153.828125 115.202621 18410.945313 -20383.087891 2440.136963 -10591.796875
5.864007 0.055268 0.244856 0.56973 49.468723 -156.114868 -90.085503 11870.601563 -37465.75 -21620.027344 -0.475128 0.413117 165.949432 -153.424255 114.842445 18410.050781 -20235.263672 2436.18042 -10554.49707
5.889027 0.055238 0.244827 0.56975 49.463116 -156.119904 -90.086067 11871.140625 -37467.007813 -21620.173828 -0.475006 0.411956 165.950424 -153.18454 114.505905 18410.953125 -20172.046875 2347.16626 -10459.504883
5.914028 0.055225 0.244834 0.569712 49.462105 -156.109436 -90.087082 11870.668945 -37465.011719 -21619.568359 -0.472473 0.411956 165.950485 -152.870651 114.531006 18410.177734 -20132.371094 2354.408691 -10447.505859
5.939029 0.055196 0.244891 0.569722 49.460472 -156.108749 -90.091141 11870.509766 -37465.570313 -21621.232422 -0.472473 0.418117 165.951477 -153.289154 115.398514 18410.716797 -20135.34375 2464.800049 -10470.850586
5.964031 0.055185 0.244905 0.569752 49.458694 -156.104202 -90.086494 11869.807617 -37463.875 -21620.419922 -0.478241 0.41895 165.953171 -153.380234 114.935875 18410.556641 -20271.751953 2326.251953 -10496.952148
5.989032 0.055234 0.244882 0.56982 49.460747 -156.099716 -90.076607 11869.000977 -37460.796875 -21617.755859 -0.478912 0.415221 165.949127 -153.859634 114.672485 18409.634766 -20169.265625 2412.125 -10513.560547
6.014033 0.055221 0.244844 0.569849 49.464096 -156.115631 -90.082199 11870.911133 -37465.148438 -21618.945313 -0.478638 0.411587 165.950287 -153.96228 114.317451 18411.179688 -20221.599609 2408.303467 -10490.077148
6.039034 0.05522 0.244861 0.569844 49.460976 -156.10817 -90.084549 11870.214844 -37464.847656 -21619.453125 -0.476776 0.414032 165.948654 -153.933823 115.433357 18409.462891 -20106.966797 2544.733154 -10528.09082
6.064035 0.055052 0.244907 0.569736 49.440392 -156.102966 -90.095505 11867.470703 -37463.316406 -21620.166016 -0.482361 0.420043 165.951385 -154.155533 115.920242 18410.703125 -20300.845703 2512.994629 -10579.800781
6.089037 0.055175 0.244965 0.569656 49.471439 -156.09201 -90.094788 11870.492188 -37460.125 -21619.998047 -0.474884 0.417174 165.944733 -153.322281 114.587257 18409.162109 -20022.5625 2465.942871 -10481.821289
6.114038 0.055182 0.244945 0.569601 49.459152 -156.112244 -90.10347 11869.4375 -37464.585938 -21622.847656 -0.474579 0.415836 165.946808 -153.596191 115.27639 18411.019531 -20133.851563 2448.732422 -10552.571289
6.139039 0.055179 0.244848 0.569731 49.457855 -156.123749 -90.086708 11869.504883 -37466.960938 -21621.894531 -0.477753 0.418178 165.94696 -154.431793 115.640717 18409.599609 -20176.511719 2545.075195 -10555.454102
6.16404 0.055223 0.244844 0.569791 49.460323 -156.114822 -90.085228 11869.179688 -37465.417969 -21620.126953 -0.479584 0.419742 165.952042 -153.754196 115.570282 18410.773438 -20227.640625 2469.689697 -10581.733398
6.189041 0.055262 0.244862 0.569785 49.464996 -156.108368 -90.086746 11870.390625 -37464.210938 -21619.548828 -0.471588 0.424312 165.949463 -152.514069 115.892326 18410.513672 -20136.904297 2497.227295 -10607.936523
6.214043 0.055272 0.244873 0.569793 49.469482 -156.114304 -90.087929 11872.092773 -37466.242188 -21620.431641 -0.470947 0.419927 165.951019 -152.754028 115.227982 18411.382813 -20223.544922 2322.022949 -10621.613281
6.239044 0.05522 0.244909 0.569787 49.462902 -156.110153 -90.090973 11871.650391 -37466.320313 -21621.382813 -0.472076 0.423485 165.947906 -153.349915 116.034531 18410.355469 -20205.238281 2472.987061 -10614.015625
6.264058 0.055189 0.244885 0.569755 49.460613 -156.114532 -90.095917 11870.793945 -37466.519531 -21622.212891 -0.48053 0.424646 165.954453 -153.668488 115.428841 18411.351563 -20347.251953 2350.165283 -10574.920898
6.289059 0.055172 0.24486 0.569691 49.458546 -156.11351 -90.102631 11870.101563 -37466.261719 -21623.34375 -0.473328 0.421409 165.950775 -151.88414 114.955055 18411.140625 -20227.933594 2292.213135 -10609.875
6.31406 0.055203 0.245008 0.569723 49.457478 -156.086731 -90.086678 11868.930664 -37461.601563 -21620.488281 -0.470215 0.417666 165.951477 -151.941208 114.831017 18410.867188 -20187.607422 2241.360352 -10557.103516
6.339061 0.055198 0.24487 0.569749 49.460133 -156.117523 -90.0914 11869.841797 -37464.144531 -21621.117188 -0.476318 0.419647 165.951935 -153.773041 115.471054 18409.761719 -20048.474609 2429.34668 -10461.161133
6.364063 0.055227 0.24483 0.569751 49.466961 -156.117371 -90.087868 11871.227539 -37466.238281 -21620.337891 -0.478149 0.421662 165.957977 -153.393341 115.211586 18411.984375 -20388.8125 2390.711182 -10591.114258
6.389064 0.055166 0.244846 0.569726 49.458855 -156.106262 -90.085129 11870.579102 -37464.386719 -21619.291016 -0.47699 0.425084 165.951462 -152.728592 115.590775 18410.486328 -20302.808594 2391.601318 -10608.223633
6.414065 0.05517 0.245034 0.5698 49.460548 -156.087296 -90.080231 11869.8125 -37461.597656 -21619.130859 -0.46521 0.42257 165.953934 -151.829178 115.467781 18410.988281 -20090.755859 2396.520996 -10643.638672
6.439066 0.05518 0.244944 0.569829 49.463867 -156.11615 -90.090225 11870.756836 -37465.238281 -21621.291016 -0.473328 0.423335 165.957214 -153.944763 116.306633 18411.277344 -20322.429688 2442.092529 -10691.818359
6.464067 0.05519 0.244936 0.569747 49.467537 -156.110229 -90.098778 11871.874023 -37465.722656 -21622.169922 -0.477905 0.424134 165.9617 -153.562714 116.075508 18412.445313 -20642.634766 2391.633545 -10817.057617
6.489078 0.055194 0.244949 0.569748 49.465683 -156.105835 -90.089851 11871.28418 -37464.242188 -21620.804688 -0.468597 0.419456 165.9599 -151.950745 115.26371 18411.857422 -20474.617188 2310.253906 -10785.881836
6.51408 0.055209 0.244903 0.569793 49.464588 -156.113251 -90.086174 11870.625977 -37464.453125 -21620.130859 -0.470276 0.421566 165.957672 -152.66861 116.221031 18411.072266 -20293.306641 2380.192139 -10688.68457
6.539081 0.055233 0.244876 0.569795 49.46439 -156.108032 -90.089798 11870.449219 -37463.472656 -21620.386719 -0.475433 0.422946 165.955002 -153.369095 116.477501 18410.599609 -20265.724609 2433.029785 -10701.237305
6.564082 0.05525 0.244894 0.569838 49.469051 -156.110062 -90.082733 11871.905273 -37465.324219 -21619.705078 -0.481903 0.424585 165.954849 -153.289963 116.281227 18411.796875 -20430.294922 2377.732178 -10731.854492
6.589083 0.055219 0.244928 0.56984 49.458469 -156.101013 -90.080925 11870.047852 -37463.382813 -21618.673828 -0.477264 0.425289 165.948547 -152.453201 116.488976 18410.476563 -20267.419922 2444.510498 -10774.708008
6.614085 0.055226 0.24487 0.569765 49.462719 -156.109344 -90.089478 11870.300781 -37463.34375 -21619.201172 -0.47876 0.420166 165.951569 -153.130173 115.825989 18411.083984 -20259.71875 2369.258057 -10715.973633
6.639086 0.055233 0.244846 0.569797 49.467533 -156.113083 -90.083107 11871.678711 -37465.441406 -21619.632813 -0.486267 0.421293 165.950012 -154.238968 116.486084 18411.351563 -20452.335938 2484.881836 -10772.248047
6.664087 0.055224 0.244905 0.569847 49.468338 -156.098267 -90.079094 11872.104492 -37463.085938 -21618.933594 -0.482819 0.422823 165.947998 -153.680374 115.875984 18411.023438 -20481.208984 2520.902588 -10764.833984
6.689089 0.055215 0.244887 0.569794 49.463711 -156.109558 -90.087067 11870.999023 -37464.699219 -21619.34375 -0.48468 0.422208 165.94664 -154.355942 115.962349 18411.230469 -20426.375 2529.966064 -10748.370117
6.71409 0.055222 0.244938 0.569808 49.464294 -156.102631 -90.091385 11871.125 -37464.722656 -21621.769531 -0.481995 0.423158 165.946869 -154.706467 116.621315 18410.787109 -20424.728516 2680.93457 -10849.331055
6.739092 0.055175 0.244895 0.569843 49.455223 -156.099426 -90.079025 11869.275391 -37461.179688 -21618.28125 -0.486725 0.424223 165.948608 -154.89769 116.782867 18409.455078 -20263.150391 2637.231445 -10752.538086
6.764093 0.055248 0.244866 0.569824 49.462254 -156.104416 -90.083229 11869.013672 -37461.859375 -21618.089844 -0.485809 0.421054 165.951416 -154.815018 116.098038 18411.160156 -20396.355469 2616.93335 -10805.412109
6.789094 0.055222 0.244881 0.569774 49.459496 -156.11026 -90.087479 11870.223633 -37465.328125 -21619.503906 -0.48111 0.421204 165.946869 -153.732376 115.928802 18411.083984 -20361.072266 2549.254883 -10746.876953
6.814095 0.055185 0.244874 0.56974 49.460232 -156.11116 -90.086395 11870.551758 -37465.230469 -21619.464844 -0.479828 0.419305 165.946457 -153.721176 115.137497 18410.232422 -20255.183594 2452.447266 -10600.609375
6.839097 0.055194 0.244826 0.569822 49.466175 -156.120209 -90.071831 11871.104492 -37466.078125 -21617.234375 -0.479828 0.417973 165.944702 -154.247635 115.729233 18409.501953 -20063.482422 2555.778809 -10585.641602
6.864098 0.055231 0.244874 0.569768 49.472713 -156.110596 -90.084885 11872.265625 -37465.175781 -21618.390625 -0.484283 0.417085 165.949921 -154.440674 115.126892 18410.5 -20232.259766 2472.318115 -10541.557617
6.889099 0.055243 0.244886 0.569758 49.466938 -156.114258 -90.092949 11871.467773 -37466.246094 -21621.386719 -0.47876 0.417447 165.945709 -153.479523 115.954979 18410.814453 -20259.125 2543.036865 -10709.216797
6.9141 0.055183 0.244873 0.569738 49.457855 -156.110596 -90.09317 11870.31543 -37464.996094 -21621.294922 -0.479919 0.415282 165.951187 -153.189285 116.149719 18411.025391 -20308.410156 2414.407715 -10746.545898
6.939101 0.055192 0.245041 0.569824 49.458588 -156.081406 -90.076263 11869.045898 -37459.175781 -21617.941406 -0.475983 0.419893 165.9534 -153.338028 116.929512 18410.039063 -20135.320313 2609.386963 -10723.044922
6.964102 0.055212 0.24497 0.569712 49.455372 -156.109238 -90.103638 11868.123047 -37462.402344 -21621.638672 -0.49115 0.421566 165.9561 -155.405243 116.961868 18411.462891 -20556.263672 2550.329346 -10827.032227
6.989104 0.055169 0.244967 0.569837 49.45599 -156.101974 -90.082169 11869.394531 -37462.359375 -21620.320313 -0.489441 0.422761 165.953278 -154.504547 116.811073 18410.736328 -20435.619141 2658.525879 -10868.972656
7.014105 0.055218 0.244902 0.569786 49.464554 -156.109695 -90.091766 11870.128906 -37463.3125 -21620.107422 -0.486237 0.416047 165.958923 -154.050278 115.900566 18411.5625 -20446.962891 2514.209229 -10858.75
7.03911 0.055231 0.244879 0.569864 49.466728 -156.111359 -90.076103 11871.411133 -37465.070313 -21618.619141 -0.491974 0.420132 165.953247 -154.742828 116.820534 18410.628906 -20394.347656 2613.531982 -10767.587891
7.064111 0.055251 0.244915 0.569809 49.462959 -156.090897 -90.07592 11870.172852 -37460.265625 -21616.232422 -0.488983 0.418274 165.956268 -153.80304 115.612511 18410.109375 -20272.210938 2513.829834 -10682.835938
7.089112 0.05525 0.244923 0.569792 49.463142 -156.105164 -90.083916 11870.507813 -37463.28125 -21618.697266 -0.488007 0.420466 165.950745 -153.793961 115.737831 18411.210938 -20326.763672 2514.473145 -10654.743164
7.114113 0.055072 0.244849 0.569712 49.44249 -156.111465 -90.087029 11868.333984 -37464.347656 -21618.964844 -0.491425 0.42255 165.950653 -154.698013 116.073448 18410.46875 -20436.140625 2574.880615 -10725.351563
7.139114 0.055058 0.244892 0.569696 49.456631 -156.109344 -90.090485 11869.141602 -37464.78125 -21620.28125 -0.490021 0.418513 165.95166 -154.670425 115.540726 18410.146484 -20231.273438 2579.713623 -10676.189453
7.164115 0.055164 0.244905 0.569796 49.473877 -156.112701 -90.080513 11871.763672 -37465.871094 -21619.980469 -0.49411 0.420316 165.95343 -154.921387 115.374695 18411.529297 -20518.171875 2538.736572 -10662.007813
7.189117 0.05507 0.24487 0.569792 49.447758 -156.114182 -90.083527 11868.389648 -37465.542969 -21619.21875 -0.493317 0.41824 165.951538 -154.792267 115.88987 18410.298828 -20424.873047 2602.460205 -10776.918945
7.214118 0.055207 0.244846 0.569651 49.465172 -156.109116 -90.098351 11868.795898 -37463.0625 -21619.957031 -0.487793 0.408657 165.951477 -154.139267 115.35112 18409.664063 -20144.197266 2530.871582 -10711.074219
7.23912 0.05518 0.244869 0.569712 49.456482 -156.10582 -90.074707 11869.05957 -37462.949219 -21617.208984 -0.485962 0.410918 165.951996 -154.181274 116.56356 18409.859375 -20030.128906 2651.239746 -10645.239258
7.264121 0.055213 0.244858 0.569736 49.466087 -156.115662 -90.086441 11870.957031 -37466.230469 -21620.298828 -0.491821 0.41171 165.953308 -154.933029 115.808266 18411.572266 -20540.765625 2535.439453 -10733.179688
7.289122 0.055178 0.244877 0.569735 49.458878 -156.111679 -90.092018 11870.431641 -37466.453125 -21621.710938 -0.488403 0.412079 165.948807 -154.437302 116.051735 18410.890625 -20486.126953 2612.499268 -10808.613281
7.314124 0.055221 0.244856 0.569699 49.462769 -156.115295 -90.099197 11870.020508 -37466.027344 -21622.511719 -0.483032 0.40738 165.949646 -153.966171 115.185028 18410.605469 -20355.693359 2508.999023 -10711.598633
7.339125 0.055207 0.244842 0.569811 49.464764 -156.120224 -90.080612 11871.313477 -37467.308594 -21620.191406 -0.491241 0.413725 165.948257 -155.209671 116.565636 18410.699219 -20401.208984 2635.438477 -10691.619141
7.364127 0.055264 0.244866 0.56975 49.470039 -156.104736 -90.087006 11871.5625 -37464.140625 -21619.226563 -0.492187 0.413568 165.953751 -154.777176 116.105461 18411.089844 -20515.65625 2595.526123 -10808.241211
7.390034 0.05521 0.244894 0.569759 49.459583 -156.104492 -90.083672 11870.424805 -37463.421875 -21619.015625 -0.488068 0.414551 165.954132 -154.301331 116.370186 18411.222656 -20483.226563 2631.425293 -10846.575195
7.415048 0.055224 0.244854 0.569756 49.462635 -156.112717 -90.085564 11870.181641 -37464.417969 -21619.300781 -0.487244 0.41266 165.955658 -154.38208 115.943962 18411.378906 -20510.679688 2550.744141 -10815.106445
7.440064 0.055234 0.244924 0.569785 49.463577 -156.103333 -90.077469 11870.458008 -37463.722656 -21617.808594 -0.483246 0.413882 165.950775 -153.912659 116.284081 18410.185547 -20251.943359 2602.856934 -10731.540039
7.465065 0.055235 0.24491 0.569844 49.462566 -156.107422 -90.070229 11870.350586 -37463.515625 -21616.511719 -0.485901 0.415583 165.950104 -153.858765 115.934174 18410.779297 -20331.697266 2484.928955 -10668.21582
7.490067 0.0552 0.24491 0.569772 49.455997 -156.102356 -90.078224 11869.286133 -37462.503906 -21616.548828 -0.486298 0.415774 165.949799 -153.503815 115.966904 18410.917969 -20320.056641 2465.003906 -10700.783203
7.515069 0.055214 0.244864 0.569737 49.46336 -156.116043 -90.090385 11870.569336 -37465.84375 -21620.419922 -0.486877 0.411676 165.949326 -154.117096 115.167381 18411.75 -20505.240234 2437.794678 -10723.18457
7.540071 0.055195 0.244907 0.569711 49.458309 -156.103821 -90.09124 11869.847656 -37464.183594 -21620.738281 -0.488098 0.412782 165.950714 -154.375214 116.052956 18410.205078 -20305.617188 2569.835449 -10693.378906
7.565072 0.05518 0.244874 0.569759 49.458893 -156.116592 -90.090485 11869.916992 -37466.167969 -21621.628906 -0.491821 0.414149 165.951965 -154.738556 115.313271 18411.685547 -20542.392578 2512.473389 -10670.875
7.590073 0.055208 0.244872 0.569808 49.460449 -156.10585 -90.080383 11869.461914 -37463.308594 -21618.808594 -0.494751 0.413787 165.949966 -154.990845 115.014236 18409.816406 -20411.941406 2537.004883 -10607.374023
7.615074 0.055192 0.244904 0.569848 49.462582 -156.112488 -90.083977 11870.583008 -37465.382813 -21619.537109 -0.489685 0.413479 165.952591 -154.590561 115.242729 18412.330078 -20575.113281 2589.579346 -10750.520508
7.640075 0.0552 0.244965 0.569788 49.463295 -156.102951 -90.091339 11870.65332 -37464.234375 -21620.283203 -0.48822 0.415897 165.954071 -154.781342 116.070221 18410.921875 -20535.394531 2639.389893 -10794.072266
7.665077 0.055165 0.244945 0.569799 49.463894 -156.111969 -90.088181 11871.415039 -37465.242188 -21620.537109 -0.487488 0.410583 165.953705 -154.298981 114.856697 18412.353516 -20676.494141 2430.943359 -10773.430664
7.69009 0.055121 0.24486 0.569817 49.456692 -156.117416 -90.087067 11870.041992 -37466.324219 -21620.794922 -0.494873 0.413787 165.958023 -155.046646 115.548447 18412.949219 -20947.818359 2482.512207 -10824.523438
7.715091 0.055178 0.244884 0.56974 49.461517 -156.113297 -90.097794 11869.507813 -37466.191406 -21621.585938 -0.492645 0.414121 165.956696 -155.04686 115.850571 18411.921875 -20863.689453 2617.14917 -10932.654297
7.740092 0.055208 0.244903 0.56981 49.465702 -156.109344 -90.086266 11870.69043 -37464.453125 -21620.517578 -0.494476 0.408596 165.95459 -155.367874 116.082466 18411.050781 -20598.080078 2610.205078 -10903.969727
7.765094 0.055203 0.244919 0.56979 49.466454 -156.110382 -90.08609 11871.591797 -37465.375 -21619.59375 -0.49411 0.413144 165.954758 -155.155533 116.205826 18412.365234 -20793.269531 2663.486328 -10886.351563
7.790095 0.05521 0.244975 0.569691 49.465935 -156.098495 -90.094719 11871.293945 -37463.09375 -21620.525391 -0.488037 0.415678 165.950134 -154.306061 116.198845 18410.847656 -20555.857422 2647.950928 -10847.556641
7.815096 0.055234 0.244932 0.569623 49.466946 -156.106979 -90.102585 11871.070313 -37462.980469 -21622.457031 -0.489685 0.409634 165.953522 -155.056076 115.880035 18411.472656 -20581.328125 2561.229004 -10875.693359
7.840098 0.055235 0.244882 0.56975 49.464123 -156.108765 -90.082146 11870.491211 -37462.601563 -21619.935547 -0.491242 0.411471 165.957031 -155.210205 116.918915 18410.314453 -20404.421875 2716.073486 -10842.085938
7.865099 0.055243 0.24489 0.569722 49.465591 -156.112732 -90.096909 11870.973633 -37465.097656 -21621.662109 -0.494873 0.411191 165.960403 -155.039352 116.180367 18412.689453 -20719.042969 2574.24292 -10886.460938
7.8901 0.055223 0.24489 0.569709 49.459023 -156.101318 -90.088409 11869.798828 -37462.253906 -21619.833984 -0.494446 0.410365 165.956207 -154.840134 116.159966 18410.767578 -20678.960938 2603.035645 -10902.486328
7.915102 0.055182 0.244871 0.569711 49.455936 -156.109924 -90.092194 11869.121094 -37463.3125 -21620.539063 -0.48938 0.40796 165.955383 -154.627594 116.566071 18410.527344 -20268.820313 2694.344971 -10830.598633
7.940114 0.055173 0.244894 0.569763 49.459084 -156.11528 -90.096336 11869.895508 -37466.65625 -21623.095703 -0.492798 0.407503 165.954346 -154.54306 116.18119 18411.824219 -20596.365234 2528.991455 -10838.658203
7.965116 0.055097 0.244973 0.569519 49.446133 -156.089493 -90.113884 11867.506836 -37460.546875 -21622.626953 -0.494293 0.412475 165.957016 -155.037888 116.372276 18410.583984 -20555.935547 2666.633545 -10793.614258
7.990117 0.05518 0.244939 0.569685 49.461529 -156.123642 -90.087112 11868.910156 -37467.117188 -21622.113281 -0.492096 0.407161 165.950485 -155.214279 115.603363 18411.085938 -20473.146484 2626.782227 -10807.482422
8.015119 0.055136 0.244965 0.569679 49.453033 -156.105408 -90.098206 11868.949219 -37464.339844 -21622.697266 -0.487854 0.404818 165.951508 -153.748535 115.589951 18410.984375 -20427.480469 2501.997559 -10758.323242
8.040119 0.055159 0.24495 0.569707 49.460278 -156.10405 -90.093956 11869.47168 -37462.691406 -21621.757813 -0.491119 0.402312 165.953888 -154.451324 115.354675 18410.498047 -20277.572266 2488.469482 -10619.587891
8.065122 0.055204 0.244942 0.569761 49.466343 -156.099518 -90.083618 11870.625 -37461.691406 -21619.650391 -0.494995 0.404088 165.954254 -154.396347 115.125198 18411.230469 -20488.792969 2467.634033 -10615.12793
8.090123 0.055247 0.24494 0.569842 49.471619 -156.104446 -90.079224 11872.131836 -37463.691406 -21619.400391 -0.493408 0.402428 165.950424 -154.02594 114.770691 18411.427734 -20462.271484 2450.369141 -10632.854492
8.115124 0.055266 0.244896 0.56985 49.469467 -156.112885 -90.084877 11872.204102 -37465.832031 -21620.136719 -0.491486 0.396909 165.951965 -154.311752 114.808342 18411.482422 -20516.914063 2459.793701 -10714.723633
8.140135 0.055286 0.244906 0.569864 49.418526 -155.941681 -89.992393 11853.573242 -37405.363281 -21586.376953 -0.493286 0.39749 165.949982 -154.527161 115.216904 18390.941406 -17850.730469 2608.962402 -9562.798828
8.165137 0.055258 0.244923 0.569837 49.463261 -156.098724 -90.084755 11864.775391 -37442.433594 -21607.544922 -0.493835 0.402899 165.94986 -154.839325 115.057228 18410.703125 -17946.033203 2663.04541 -9492.508789
8.19014 0.055248 0.244896 0.569824 49.465878 -156.104309 -90.083282 11871.291016 -37462.589844 -21618.601563 -0.49411 0.405242 165.952484 -154.829971 115.234253 18410.625 -20350.28125 2588.688477 -10591.756836
8.215141 0.055245 0.244865 0.569782 49.466488 -156.105576 -90.083328 11871.34668 -37462.828125 -21618.208984 -0.492615 0.403077 165.953949 -154.822418 114.836708 18411.160156 -20497.804688 2542.397461 -10666.751953
8.240143 0.055249 0.244884 0.569767 49.466106 -156.103119 -90.084717 11871.161133 -37462.945313 -21618.921875 -0.490204 0.407776 165.954987 -154.709045 115.974335 18410.441406 -20319.605469 2673.540771 -10665.375977
8.265144 0.055295 0.244913 0.569764 49.473118 -156.103485 -90.087006 11872.226563 -37463.191406 -21619.636719 -0.492737 0.407995 165.957275 -154.584503 115.338295 18411.394531 -20524.25 2506.648193 -10688.849609
8.290146 0.055227 0.244923 0.569797 49.463455 -156.10791 -90.08432 11871.554688 -37463.96875 -21619.523438 -0.491608 0.413602 165.951996 -154.14209 115.586624 18410.433594 -20346.8125 2569.048584 -10602.291992
8.315146 0.055225 0.244892 0.569732 49.468666 -156.119247 -90.103386 11872.079102 -37466.832031 -21623.095703 -0.489471 0.411068 165.954224 -154.164398 115.041985 18411.765625 -20473.240234 2484.047852 -10690.335938
8.340148 0.055253 0.244858 0.569694 49.474167 -156.121811 -90.102188 11873.198242 -37468.109375 -21623.621094 -0.493713 0.411526 165.9552 -155.234985 115.650902 18410.896484 -20497.777344 2583.661865 -10710.929688
8.365149 0.055246 0.244868 0.569635 49.47126 -156.107025 -90.096779 11872.542969 -37463.777344 -21621.177734 -0.495422 0.411806 165.958618 -155.176376 114.908569 18410.666016 -20564.691406 2557.783203 -10654.677734
8.390182 0.055228 0.244821 0.569624 49.377514 -155.836578 -89.942467 11839.291016 -37363.550781 -21564.939453 -0.493469 0.412017 165.95668 -154.191132 114.674332 18378.074219 -16129.114258 2449.950928 -8844.932617
8.415184 0.055236 0.24488 0.569669 49.464142 -156.108032 -90.096146 11859.904297 -37430.882813 -21603.007813 -0.488678 0.410064 165.956909 -154.108948 115.091599 18411.591797 -16279.489258 2474.064453 -8910.46875
8.440186 0.05521 0.244905 0.569711 49.462326 -156.108765 -90.096603 11870.668945 -37464.390625 -21622.599609 -0.488953 0.412352 165.956512 -154.653473 115.789108 18411.003906 -20476.783203 2590.066162 -10719.717773
8.465199 0.055184 0.244861 0.56973 49.460278 -156.120697 -90.095154 11870.423828 -37466.984375 -21622.332031 -0.493652 0.413329 165.958496 -154.514313 115.514847 18412.699219 -20765.566406 2458.34375 -10787.817383
8.490201 0.055184 0.244862 0.569749 49.460526 -156.117172 -90.093071 11870.322266 -37467.511719 -21622.253906 -0.489471 0.415255 165.952789 -153.782608 115.664886 18411.757813 -20645.669922 2512.283936 -10803.251953
8.515202 0.055218 0.244879 0.569736 49.461601 -156.102539 -90.088608 11869.636719 -37462.78125 -21619.890625 -0.484833 0.410549 165.954681 -153.686172 115.039642 18410.441406 -20353.677734 2458.806885 -10685.06543
8.540202 0.05522 0.244891 0.569769 49.462734 -156.109085 -90.082634 11870.375977 -37464.292969 -21619.113281 -0.485809 0.411164 165.952271 -153.884247 115.770607 18410.689453 -20156.660156 2507.757324 -10596.098633
