0.008334 -0.356955 1.545884 1.320563 -49.459782 156.108582 90.096558 -6730.107422 15205.710938 2607.965332 -0.469025 0.833256 12.516197 -85.354263 169.686996 -18411.935547 18196.382813 -3939.599854 -3127.884766
0.210502 -0.357021 1.545863 1.320548 -34.548439 109.039955 62.930172 -5790.937012 18278.65625 10549.175781 -0.465515 0.830168 12.512901 -59.593128 118.259377 -12861.070313 -12672.201172 -362.869537 -1504.633789
0.236509 -0.357 1.545913 1.32062 -49.462414 156.115433 90.097534 -11870.625977 37464.914063 21621.167969 -0.464691 0.835291 12.511826 -85.545273 170.161453 -18412.261719 19273.353516 -1511.802856 -10269.394531
0.261511 -0.356986 1.546111 1.320555 -49.459911 156.11232 90.100327 -11869.476563 37460.605469 21622.994141 -0.47113 0.836363 12.51194 -85.33445 170.054184 -18411.326172 19141.970703 -1779.346069 -10193.328125
0.286513 -0.35699 1.545926 1.320531 -49.463875 156.107101 90.108002 -11870.615234 37466.316406 21625.072266 -0.466186 0.830565 12.512695 -84.819839 168.896927 -18412.183594 19314.429688 -1463.624634 -10135.142578
0.311514 -0.356974 1.545904 1.32054 -49.461487 156.110809 90.102013 -11870.328125 37464.847656 21623.166016 -0.462585 0.839082 12.516975 -85.061081 170.145966 -18411.71875 19348.404297 -1599.233643 -10235.761719
0.336516 -0.356959 1.545847 1.320557 -49.464474 156.101959 90.088211 -11870.579102 37461.78125 21618.900391 -0.462036 0.832757 12.512367 -85.288132 169.832016 -18411.835938 19139.978516 -1599.814941 -10200.633789
0.361527 -0.35707 1.545834 1.32046 -49.462498 156.117752 90.091797 -11869.211914 37467.832031 21623.074219 -0.467621 0.831664 12.511314 -85.54705 170.13446 -18413.400391 19231.958984 -1301.860596 -10411.863281
0.386528 -0.35699 1.545849 1.320497 -49.454243 156.11615 90.096191 -11869.964844 37467.023438 21622.189453 -0.467529 0.835448 12.512558 -85.392319 170.218811 -18413.244141 19326.691406 -1284.786011 -10395.214844
0.411529 -0.356966 1.545848 1.320519 -49.457462 156.107513 90.085159 -11869.487305 37463.761719 21618.939453 -0.469696 0.844355 12.517937 -85.317291 170.755722 -18411.992188 19276.208984 -1568.066772 -10359.37207
0.436535 -0.356941 1.545837 1.320511 -49.455666 156.104599 90.081955 -11869.054688 37463.1875 21618.587891 -0.466797 0.835291 12.512726 -85.859184 170.536819 -18412.671875 19089.417969 -1317.084473 -10379.098633
0.461536 -0.356965 1.545832 1.320473 -49.464779 156.105881 90.083305 -11871.005859 37464.863281 21620.185547 -0.470428 0.839259 12.512039 -85.867958 170.461487 -18413.238281 19248.882813 -1306.714355 -10417.135742
0.486536 -0.35699 1.545873 1.320571 -49.464565 156.107773 90.092705 -11870.938477 37464.660156 21620.478516 -0.472076 0.836514 12.510841 -85.483284 170.247574 -18413.173828 19221.519531 -1297.996094 -10404.425781
0.511537 -0.356983 1.545922 1.320629 -49.461594 156.100677 90.093903 -11869.779297 37459.941406 21619.681641 -0.474793 0.839444 12.508888 -86.002701 170.641724 -18412.595703 19175.664063 -1430.263184 -10371.761719
0.536538 -0.357055 1.54593 1.320597 -49.471306 156.116318 90.099251 -11871.417969 37465.730469 21623.078125 -0.477936 0.831999 12.517914 -86.983894 170.548294 -18412.115234 19010.015625 -1223.902588 -10399.963867
0.561539 -0.357006 1.545865 1.3206 -49.465256 156.123383 90.101944 -11872.170898 37469.929688 21624.070313 -0.475861 0.83749 12.515289 -86.440178 170.808182 -18412.65625 19202.453125 -1335.599121 -10374.25
0.58654 -0.356956 1.545776 1.320377 -49.467133 156.115524 90.090973 -11872.169922 37466.9375 21623.851563 -0.475891 0.848385 12.520981 -86.222366 171.185928 -18411.435547 19193.964844 -1574.35791 -10344.844727
0.611549 -0.35697 1.545825 1.320491 -49.41032 155.959274 90.005905 -11845.769531 37390.042969 21576.994141 -0.475555 0.845277 12.518677 -85.854683 171.573242 -18393.476563 17002.548828 -5188.772461 -7703.132324
0.636551 -0.356951 1.54586 1.320512 -49.45887 156.111771 90.084534 -11869.750977 37464.246094 21618.78125 -0.475006 0.840516 12.513161 -85.634377 171.222794 -18413.052734 19106.970703 -1317.899902 -10504.243164
0.661553 -0.356958 1.545886 1.320562 -49.460079 156.11647 90.090805 -11870.111328 37466.945313 21620.708984 -0.478027 0.841459 12.510567 -85.705627 170.690094 -18413.912109 19242.5625 -1173.860962 -10517.538086
0.686554 -0.356995 1.545922 1.320609 -49.462036 156.115463 90.097694 -11870.169922 37466.574219 21622.414063 -0.480499 0.837279 12.507858 -85.957214 170.094315 -18413.675781 19203.197266 -1162.627075 -10422.987305
0.711555 -0.356991 1.545907 1.320636 -49.453766 156.102921 90.092316 -11867.84375 37461.40625 21619.738281 -0.479309 0.841889 12.516922 -86.274704 170.600739 -18411.28125 19168.152344 -1506.920898 -10285.77832
0.736556 -0.356958 1.545866 1.320519 -49.455746 156.105774 90.092339 -11869.206055 37463.910156 21622.654297 -0.47699 0.835571 12.508919 -86.069809 169.50177 -18412.818359 19177.484375 -1335.760742 -10220.447266
0.761558 -0.356977 1.545838 1.320532 -49.460636 156.108215 90.082298 -11869.624023 37464.324219 21618.375 -0.477112 0.83398 12.508476 -86.153923 169.306717 -18413.029297 19261.863281 -1250.189453 -10243.393555
0.78656 -0.356944 1.545834 1.320526 -49.457211 156.113785 90.087433 -11869.547852 37465.304688 21619.890625 -0.478241 0.838378 12.508507 -86.100266 169.668961 -18412.833984 19289.1875 -1342.465698 -10259.417969
0.811562 -0.356969 1.545859 1.320479 -49.46291 156.111267 90.083588 -11870.088867 37464.292969 21619.539063 -0.479828 0.843692 12.514626 -86.418976 170.38446 -18411.714844 19181.283203 -1476.170776 -10281.217773
0.836562 -0.356953 1.545832 1.32044 -49.463547 156.116821 90.091515 -11871.286133 37467.804688 21622.179688 -0.47702 0.836698 12.510498 -86.706871 170.14267 -18413.970703 19163.304688 -955.541321 -10438.850586
0.861563 -0.357029 1.545828 1.320445 -49.450035 156.120163 90.099411 -11866.71582 37468.28125 21623.423828 -0.478241 0.836186 12.51255 -86.61348 170.595917 -18413.535156 19178.519531 -1069.460449 -10481.794922
0.886564 -0.357085 1.545868 1.320484 -49.454277 156.121658 90.103233 -11868.022461 37467.988281 21623.84375 -0.479309 0.839902 12.515228 -86.557213 170.932693 -18412.822266 19170.419922 -1244.856323 -10448.990234
0.911565 -0.357005 1.545839 1.320357 -49.459053 156.118011 90.105591 -11871.125 37468.125 21626.822266 -0.471802 0.845823 12.519127 -85.94529 170.65657 -18412.380859 19292.511719 -1298.936279 -10360.570313
0.936566 -0.356978 1.545792 1.320375 -49.467014 156.104477 90.088806 -11871.817383 37463.667969 21619.849609 -0.471954 0.840701 12.512169 -86.584801 170.307343 -18412.576172 19072.779297 -1352.386963 -10308.478516
0.961568 -0.356977 1.545833 1.320473 -49.44949 156.107925 90.0924 -11867.248047 37463.253906 21619.580078 -0.473175 0.84012 12.512756 -86.569763 170.902435 -18412.429688 19091.521484 -1328.459961 -10408.850586
0.986569 -0.356994 1.545861 1.320554 -49.449104 156.118301 90.103218 -11867.338867 37467.378906 21623.246094 -0.473145 0.845796 12.517792 -86.432182 171.217987 -18412.666016 19185.675781 -1258.296021 -10480.870117
1.01157 -0.35697 1.545872 1.320579 -49.447334 156.106384 90.097351 -11867.050781 37463.300781 21621.818359 -0.470123 0.841343 12.512619 -86.177299 170.363876 -18412.408203 19119.908203 -1372.240356 -10308.431641
1.036572 -0.356967 1.545891 1.320562 -49.456757 156.10318 90.09037 -11868.551758 37460.984375 21619.90625 -0.468017 0.839806 12.510231 -86.440193 169.768982 -18411.875 19148.261719 -1463.187378 -10177.451172
1.061573 -0.357001 1.545921 1.320528 -49.46944 156.115585 90.094879 -11871.989258 37466.6875 21622.910156 -0.467529 0.838255 12.509094 -86.023926 169.94104 -18413.359375 19246.933594 -1186.603149 -10362.53125
1.086574 -0.356978 1.545929 1.320581 -49.464298 156.115891 90.097176 -11871.091797 37465.632813 21621.363281 -0.466492 0.843289 12.516457 -86.470459 170.34668 -18412.113281 19222.078125 -1335.461914 -10317.972656
1.111575 -0.356992 1.545877 1.320612 -49.464745 156.118927 90.103027 -11871.141602 37468.664063 21623.916016 -0.464874 0.837395 12.512054 -86.347755 170.226257 -18413.076172 19136.201172 -1209.387329 -10365.313477
1.136576 -0.357019 1.545898 1.320605 -49.465279 156.10701 90.095863 -11870.173828 37461.863281 21621.082031 -0.462219 0.833071 12.51622 -86.324028 170.386032 -18411.195313 19067.134766 -1503.391235 -10243.551758
1.161577 -0.357132 1.545877 1.320554 -49.463573 156.113937 90.098091 -11868.97168 37465.589844 21623.083984 -0.4664 0.833679 12.51297 -86.603828 170.789322 -18412.126953 19061.787109 -1484.030518 -10339.912109
1.18658 -0.35703 1.545931 1.320591 -49.452965 156.087906 90.079895 -11867.235352 37451.042969 21613.292969 -0.466034 0.836883 12.509613 -86.248787 169.852539 -18408.947266 18984.671875 -2177.647217 -9871.734375
1.211582 -0.357032 1.545909 1.32059 -49.462788 156.11908 90.109535 -11870.852539 37468.269531 21625.949219 -0.46463 0.837743 12.51194 -86.064003 170.503281 -18412.355469 19191.289063 -1353.752563 -10353.491211
1.236588 -0.356964 1.545877 1.320642 -49.455994 156.113861 90.103401 -11869.757813 37465.71875 21622.867188 -0.462128 0.835844 12.510651 -86.376373 170.613861 -18412.333984 19123.595703 -1340.752197 -10348.481445
1.261589 -0.356947 1.545929 1.320515 -49.462666 156.113464 90.097534 -11870.626953 37464.402344 21624.037109 -0.463959 0.840421 12.510323 -86.048592 170.672867 -18412.105469 19175.056641 -1508.412354 -10329.381836
1.286591 -0.356967 1.54596 1.320545 -49.462105 156.121445 90.103157 -11870.421875 37468.085938 21623.964844 -0.463653 0.842675 12.515144 -86.347092 170.686066 -18412.15625 19165.695313 -1356.833496 -10367.430664
1.311592 -0.356961 1.545889 1.320551 -49.45731 156.109039 90.085373 -11869.182617 37465.121094 21619.208984 -0.459168 0.843808 12.51532 -85.956871 170.967911 -18411.296875 19118.677734 -1579.90564 -10294.370117
1.336594 -0.356939 1.545858 1.320507 -49.45549 156.110504 90.079399 -11868.982422 37464.894531 21618.498047 -0.458618 0.837586 12.510002 -86.938705 170.536819 -18412.074219 19002.703125 -1383.877563 -10297.572266
1.361595 -0.356913 1.545879 1.320523 -49.459805 156.108978 90.088333 -11870.072266 37463.796875 21619.78125 -0.461395 0.834806 12.504417 -86.742531 169.519806 -18412.222656 19111.017578 -1450.757324 -10165.712891
1.386596 -0.356966 1.545847 1.320471 -49.466892 156.117004 90.093933 -11871.082031 37467.910156 21622.916016 -0.465179 0.838037 12.510391 -87.029625 169.849991 -18412.617188 19196.171875 -1238.742065 -10293.942383
1.411597 -0.356981 1.545827 1.320444 -49.46859 156.106125 90.079659 -11871.587891 37463.667969 21618.310547 -0.463715 0.834745 12.512016 -87.44709 169.901657 -18411.455078 19044.552734 -1392.28479 -10172.713867
1.436599 -0.35697 1.545849 1.320404 -49.461735 156.106888 90.078636 -11870.333984 37463.277344 21618.269531 -0.462433 0.826781 12.50824 -86.836967 169.262451 -18411.642578 19064.662109 -1457.96875 -10093.15332
1.461599 -0.35695 1.545845 1.3204 -49.464222 156.114227 90.085495 -11871.500977 37466.847656 21620.197266 -0.461914 0.829711 12.506302 -87.330444 169.268066 -18412.703125 19224.150391 -1244.690674 -10163.975586
1.4866 -0.356979 1.546034 1.320581 -49.460972 156.115509 90.098938 -11870.014648 37464.382813 21620.792969 -0.46817 0.833461 12.514885 -87.427895 169.470596 -18412.273438 19177.046875 -1277.01416 -10218.700195
1.511601 -0.356976 1.545918 1.320502 -49.455612 156.110672 90.098068 -11868.729492 37466.152344 21623.466797 -0.4646 0.829677 12.507286 -87.76973 169.704117 -18411.955078 19045.753906 -1344.273926 -10134.960938
1.536603 -0.356973 1.545827 1.320502 -49.459499 156.106842 90.089134 -11869.666016 37464.878906 21620.195313 -0.461762 0.828946 12.509102 -87.949913 169.909012 -18411.925781 19079.443359 -1239.562988 -10203.654297
1.561604 -0.356991 1.545861 1.320485 -49.464153 156.111206 90.085747 -11870.483398 37464.144531 21619.634766 -0.463806 0.829431 12.510208 -87.959953 169.491104 -18411.546875 19063.962891 -1402.833374 -10108.251953
1.586606 -0.357007 1.545858 1.320498 -49.465199 156.118286 90.090309 -11871.232422 37467.808594 21621.144531 -0.466919 0.838863 12.515022 -88.240356 170.281174 -18412.238281 19137.351563 -1242.51355 -10272.986328
1.611607 -0.357035 1.545889 1.32044 -49.467964 156.120422 90.087753 -11871.708984 37467.828125 21621.519531 -0.465057 0.836241 12.511116 -87.903351 170.086853 -18412.197266 19039.958984 -1254.242432 -10229.94043
1.636608 -0.356998 1.545855 1.320477 -49.463459 156.107361 90.077866 -11870.644531 37462.753906 21616.138672 -0.461548 0.833741 12.510086 -87.60466 170.319717 -18411.378906 19012.177734 -1404.162964 -10200.02832
1.661608 -0.356985 1.545841 1.320478 -49.462883 156.121857 90.087685 -11871.080078 37468.800781 21620.669922 -0.46402 0.836999 12.510971 -87.380753 170.305695 -18412.464844 19124.003906 -1280.555908 -10307.693359
1.686622 -0.356967 1.545979 1.320591 -49.463585 156.117493 90.095734 -11871.314453 37465.585938 21620.984375 -0.467499 0.846773 12.514824 -86.728409 170.686813 -18411.925781 19184.769531 -1479.02417 -10314.727539
1.711623 -0.356939 1.545884 1.320515 -49.461712 156.122086 90.098335 -11871.019531 37470.042969 21624.337891 -0.460876 0.842832 12.507492 -86.661026 170.775406 -18413.105469 19121.773438 -1155.658813 -10407.941406
1.736624 -0.356981 1.545833 1.320489 -49.464977 156.117493 90.098785 -11870.787109 37468.3125 21623.708984 -0.459228 0.840789 12.507523 -87.092354 171.128586 -18413.429688 19093.697266 -1018.505676 -10528.459961
1.761625 -0.356972 1.545824 1.320484 -49.468842 156.117508 90.096603 -11872.459961 37467.714844 21622.90625 -0.459625 0.840544 12.508736 -86.849915 170.439362 -18412.732422 19138.005859 -1221.59314 -10370.717773
1.786626 -0.357002 1.545845 1.320524 -49.465965 156.111343 90.091667 -11870.748047 37464.34375 21620.222656 -0.461395 0.842647 12.507202 -86.875854 170.73024 -18412.892578 19129.5625 -1251.7854 -10405.017578
1.811626 -0.35701 1.545851 1.32057 -49.468117 156.116486 90.103157 -11872.038086 37467.257813 21623.742188 -0.460297 0.847223 12.514816 -86.565536 171.518799 -18412.650391 19154.974609 -1191.379028 -10537.135742
1.836628 -0.357024 1.545884 1.320551 -49.464756 156.109558 90.099838 -11870.679688 37463.730469 21623.042969 -0.460297 0.841671 12.512558 -86.636719 171.304764 -18412.007813 18976.0625 -1396.329346 -10417.379883
1.861629 -0.356987 1.545902 1.320581 -49.462376 156.106094 90.09877 -11870.382813 37461.699219 21621.232422 -0.461487 0.8454 12.510384 -87.03334 171.686646 -18411.597656 18997.074219 -1519.110962 -10396.542969
1.88663 -0.357004 1.545882 1.320544 -49.465008 156.111633 90.102982 -11870.707031 37465.027344 21624.0625 -0.463714 0.850884 12.518799 -87.435677 171.996567 -18411.728516 19003.691406 -1335.368896 -10507.316406
1.911634 -0.357023 1.546052 1.320456 -49.456425 156.118729 90.118019 -11868.609375 37463.960938 21628.396484 -0.468567 0.851069 12.51638 -87.488518 172.591492 -18411.576172 18836.970703 -1495.193359 -10525.174805
1.936635 -0.357008 1.545913 1.320509 -49.460506 156.118652 90.11132 -11870.541992 37469.84375 21625.582031 -0.461517 0.847223 12.513367 -87.68042 172.543228 -18412.869141 18917.921875 -1029.761475 -10639.753906
1.961637 -0.35704 1.545854 1.320583 -49.455387 156.113617 90.096481 -11868.186523 37466.066406 21620.90625 -0.461914 0.846219 12.510033 -87.333153 172.76123 -18411.955078 18865.117188 -1378.313232 -10580.958984
1.986638 -0.35702 1.54584 1.320622 -49.461472 156.108231 90.094017 -11870.382813 37464.105469 21620.808594 -0.461395 0.85406 12.516304 -86.931908 172.938171 -18411.927734 19014.4375 -1349.078369 -10638.803711
2.011643 -0.357027 1.546016 1.320554 -49.438358 156.027603 90.058311 -11858.057617 37421.847656 21602.138672 -0.467346 0.854491 12.511238 -87.011856 172.754974 -18402.605469 18158.505859 -3469.129639 -9433.617188
2.036653 -0.357001 1.545897 1.320573 -49.465168 156.107956 90.095711 -11871.361328 37465.558594 21621.494141 -0.461273 0.847831 12.505859 -87.118019 172.974228 -18413.791016 18911.839844 -917.123352 -10798.667969
2.061655 -0.357047 1.545836 1.320464 -49.459236 156.10321 90.078751 -11868.44043 37462.128906 21618.443359 -0.464722 0.847019 12.504272 -87.034393 173.169205 -18412.964844 18886.640625 -1212.418823 -10762.089844
2.086656 -0.35699 1.545834 1.320473 -49.467827 156.111496 90.08107 -11872.447266 37464.722656 21618.136719 -0.46286 0.850461 12.503685 -86.764114 172.434219 -18413.605469 19080.138672 -1050.71167 -10711.326172
2.111657 -0.356985 1.545859 1.320532 -49.460365 156.101837 90.078796 -11868.977539 37459.128906 21615.210938 -0.461639 0.856144 12.511696 -86.418861 173.338745 -18411.076172 18957.642578 -1540.987549 -10627.448242
2.136658 -0.356965 1.545868 1.320583 -49.461788 156.110901 90.090546 -11870.478516 37464.425781 21619.800781 -0.461639 0.849826 12.504028 -86.276436 173.250519 -18413.357422 18892.851563 -1206.888672 -10799.150391
2.161659 -0.356968 1.545857 1.320557 -49.470863 156.116592 90.091087 -11872.751953 37467.511719 21621.875 -0.462952 0.851656 12.504517 -86.282364 173.238251 -18413.644531 19018.28125 -1107.272705 -10853.912109
2.18666 -0.356989 1.545939 1.320678 -49.465416 156.102081 90.097122 -11870.744141 37461.238281 21620.378906 -0.469879 0.852018 12.506157 -86.273811 172.856216 -18413.185547 18979.482422 -1254.796631 -10776.274414
2.211673 -0.356981 1.545893 1.320644 -49.462669 156.102585 90.088654 -11870.042969 37461.785156 21619.744141 -0.464783 0.855338 12.512817 -86.075119 173.431534 -18411.546875 18991.242188 -1428.577148 -10686.423828
2.236674 -0.356957 1.545968 1.320709 -49.460716 156.10762 90.096062 -11870.271484 37462.695313 21620.921875 -0.467499 0.848665 12.510063 -86.621407 173.058731 -18412.970703 18858.921875 -1221.97876 -10764.044922
2.261676 -0.357017 1.545969 1.320675 -49.461643 156.098618 90.084351 -11868.822266 37460.136719 21618.71875 -0.46701 0.845338 12.510605 -85.917412 172.682404 -18411.640625 18938.054688 -1517.978271 -10584.979492
2.286677 -0.357024 1.545895 1.320543 -49.460999 156.11026 90.087784 -11869.875977 37465.457031 21621.771484 -0.466339 0.847381 12.510124 -86.383598 173.125854 -18412.443359 18975.783203 -1342.660156 -10701.330078
2.311678 -0.357055 1.545871 1.320501 -49.462376 156.118484 90.086044 -11870.327148 37468.160156 21620.890625 -0.464935 0.843993 12.510124 -86.423714 172.852295 -18413.347656 18979.646484 -1095.310059 -10777.085938
2.336679 -0.35699 1.54584 1.320479 -49.459045 156.111404 90.081322 -11870.451172 37465.117188 21618.636719 -0.46817 0.846711 12.508522 -87.090919 172.98735 -18412.892578 18939.333984 -1240.852295 -10716.460938
2.362369 -0.356986 1.545949 1.320397 -49.459797 156.119629 90.094513 -11870.213867 37466.503906 21623.507813 -0.476013 0.848603 12.506805 -87.546654 173.385788 -18413.472656 18865.703125 -1121.357666 -10835.131836
2.38737 -0.356984 1.545866 1.320428 -49.459805 156.111343 90.09996 -11869.731445 37465.867188 21622.355469 -0.470734 0.844847 12.50882 -87.285973 172.65387 -18412.443359 18917.570313 -1121.633789 -10650.634766
2.41237 -0.357009 1.545882 1.320502 -49.46207 156.11763 90.115746 -11870.330078 37467.367188 21626.337891 -0.470245 0.846616 12.517403 -87.197235 172.589935 -18412.296875 18977.642578 -1173.369995 -10658.317383
2.437371 -0.357008 1.545829 1.320536 -49.465797 156.11467 90.10746 -11871.609375 37467.65625 21624.953125 -0.465332 0.843412 12.510742 -87.255089 172.431824 -18413.164063 18953.71875 -1089.594971 -10639.65332
2.462378 -0.356997 1.545874 1.320555 -49.461166 156.117661 90.106682 -11870.186523 37465.523438 21624.123047 -0.465393 0.84777 12.510368 -87.125824 172.768524 -18412.212891 18964.794922 -1338.131104 -10613.083008
2.487379 -0.356973 1.545807 1.320469 -49.469868 156.117569 90.107841 -11872.914063 37468.550781 21626.763672 -0.463257 0.847469 12.510338 -86.91996 172.101456 -18412.734375 19017.792969 -1186.851685 -10590.720703
2.51238 -0.356991 1.545817 1.320547 -49.474964 156.114105 90.103439 -11873.073242 37465.15625 21622.5 -0.465454 0.849915 12.511261 -87.463448 172.660339 -18412.765625 18943.464844 -1182.227905 -10667.741211
2.537391 -0.357016 1.54583 1.320594 -49.413418 155.929916 89.990433 -11844.526367 37377.769531 21570.925781 -0.468109 0.841855 12.50589 -87.148468 172.337601 -18391.916016 16568.861328 -5362.633301 -7434.277344
2.562397 -0.357034 1.545888 1.320596 -49.460815 156.102921 90.095207 -11869.223633 37460.34375 21620.791016 -0.474213 0.842927 12.50573 -87.421783 172.348022 -18412.080078 18891.539063 -1389.622681 -10559.299805
2.587398 -0.357029 1.545862 1.320549 -49.460815 156.11232 90.090279 -11870.467773 37466.710938 21621.986328 -0.4711 0.842675 12.505127 -87.111816 172.327744 -18413.273438 19016.355469 -1045.449951 -10668.356445
2.612399 -0.356995 1.545883 1.320548 -49.459248 156.109604 90.0877 -11870.509766 37465.367188 21620.707031 -0.469483 0.848788 12.510933 -86.780983 172.507172 -18412.689453 19081.302734 -1182.179199 -10659.201172
2.6374 -0.356987 1.545872 1.320497 -49.459251 156.103638 90.078102 -11869.685547 37462.976563 21618.289063 -0.467285 0.844239 12.503418 -87.342316 172.459625 -18413.552734 18925.148438 -1035.125732 -10686.021484
2.662401 -0.356979 1.545928 1.320432 -49.464249 156.101852 90.090828 -11871.337891 37463.03125 21622.367188 -0.470093 0.843378 12.502411 -86.739143 171.841705 -18414.121094 19076.216797 -980.298523 -10701.728516
2.687414 -0.356974 1.545827 1.320438 -49.384861 155.864471 89.945053 -11834.018555 37350.777344 21553.183594 -0.464172 0.841636 12.50309 -86.59269 171.315613 -18385.775391 15349.935547 -6301.058594 -5787.555176
2.712415 -0.357008 1.545826 1.320478 -49.464493 156.113373 90.090759 -11870.793945 37466.605469 21620.851563 -0.465454 0.848508 12.508522 -87.203407 172.18512 -18413.210938 19091.636719 -1073.430664 -10659.263672
2.737415 -0.357007 1.545838 1.320505 -49.462711 156.111343 90.095711 -11870.869141 37465.917969 21622.210938 -0.466339 0.841063 12.503471 -87.530228 171.689194 -18414.451172 18972.199219 -812.132324 -10697.045898
2.762429 -0.356991 1.545876 1.320597 -49.393311 155.889771 89.968864 -11837.110352 37357.726563 21559.310547 -0.466583 0.842381 12.506744 -86.898842 171.068512 -18386.632813 15549.360352 -6221.252441 -6035.184082
2.787429 -0.357001 1.546008 1.320505 -49.467285 156.114441 90.115356 -11871.800781 37464.953125 21628.65625 -0.474487 0.843078 12.509682 -87.404686 171.181107 -18412.908203 19021.953125 -1197.843262 -10504.557617
2.81243 -0.357041 1.546018 1.320491 -49.466942 156.121689 90.119408 -11871.297852 37468.421875 21628.480469 -0.475128 0.847046 12.51342 -87.422546 171.869507 -18412.107422 19014.625 -1284.77124 -10502.111328
2.837438 -0.35704 1.545858 1.320533 -49.41922 155.964233 90.01339 -11848.569336 37395.667969 21580.658203 -0.463837 0.840824 12.508049 -86.301781 171.004211 -18394.615234 17295.513672 -4857.209473 -7932.523438
2.862439 -0.357046 1.545868 1.320538 -49.473797 156.120514 90.105736 -11873.426758 37468.15625 21624.935547 -0.466125 0.838986 12.509712 -86.598618 170.885147 -18412.837891 19097.613281 -1227.885376 -10459.295898
2.887472 -0.356994 1.545878 1.320631 -49.277313 155.520248 89.754829 -11781.748047 37180.972656 21456.878906 -0.464569 0.842067 12.51107 -85.607941 170.771271 -18341.974609 3605.399658 -2048.371094 7299.64502
2.912472 -0.357084 1.545845 1.320523 -49.484512 156.11142 90.086708 -11874.785156 37466.59375 21622.011719 -0.464874 0.844444 12.516792 -85.714806 171.478622 -18412.035156 19143.091797 -1438.791016 -10480.71582
2.937473 -0.357112 1.545846 1.320552 -49.460358 156.106018 90.088196 -11869.436523 37463.363281 21619.541016 -0.464417 0.839232 12.511986 -85.940338 171.966171 -18412.333984 18989.291016 -1425.535889 -10533.032227
2.96248 -0.357028 1.545843 1.32054 -49.46331 156.109528 90.091316 -11872.202148 37465.714844 21621.740234 -0.466247 0.847019 12.511017 -86.060516 172.075302 -18412.736328 19144.609375 -1390.894775 -10573.631836
2.987495 -0.357017 1.545897 1.320552 -49.459782 156.100662 90.084305 -11869.398438 37459.871094 21618.025391 -0.469391 0.847954 12.513939 -86.401924 172.007095 -18411.013672 18954.507813 -1646.736328 -10428.995117
3.012496 -0.357003 1.545882 1.320527 -49.463524 156.113037 90.090286 -11871.253906 37466.71875 21621.681641 -0.469696 0.848084 12.518639 -86.52179 171.464691 -18411.912109 19055.001953 -1379.648926 -10456.459961
3.037498 -0.356983 1.545861 1.320531 -49.456043 156.105286 90.086296 -11868.614258 37462.070313 21618.628906 -0.470215 0.8468 12.511665 -87.223564 172.066101 -18411.892578 18904.009766 -1453.132568 -10460.15625
3.062499 -0.356985 1.545837 1.320529 -49.457863 156.114578 90.091858 -11869.202148 37465.765625 21620.871094 -0.467255 0.843569 12.509521 -86.583542 171.487534 -18412.328125 19029.648438 -1310.134399 -10464.864258
3.087499 -0.356995 1.54586 1.320551 -49.464508 156.120117 90.100784 -11871.149414 37467.878906 21623.521484 -0.469574 0.846616 12.510002 -86.277336 171.704025 -18412.693359 19101.980469 -1335.72522 -10540.016602
3.112504 -0.357026 1.545894 1.32061 -49.441853 156.055374 90.07048 -11860.373047 37436.320313 21606.550781 -0.46933 0.849334 12.513901 -85.76133 171.909821 -18405.050781 18612.769531 -2930.99585 -9730.056641
3.137505 -0.35705 1.545912 1.320569 -49.463631 156.120041 90.102348 -11870.728516 37467.910156 21624.791016 -0.46759 0.843501 12.509911 -86.165977 171.817047 -18413.394531 19045.123047 -1144.637817 -10625.422852
3.162506 -0.356931 1.545769 1.320328 -49.467754 156.107224 90.081284 -11873.318359 37465.714844 21621.767578 -0.465759 0.850618 12.508736 -85.97052 171.464584 -18412.824219 19212.886719 -1338.939331 -10493.06543
3.187507 -0.35701 1.545837 1.320517 -49.468761 156.118179 90.09549 -11871.162109 37466.769531 21619.845703 -0.467224 0.847749 12.510719 -85.617302 171.304871 -18413.375 19153.835938 -1190.979004 -10592.126953
3.212508 -0.357009 1.545859 1.320586 -49.460999 156.116455 90.087578 -11870.003906 37465.570313 21618.832031 -0.466217 0.84973 12.510651 -85.727997 171.749802 -18412.888672 19150.03125 -1310.657349 -10568.824219
3.237509 -0.357031 1.545871 1.320579 -49.464241 156.12056 90.095222 -11870.896484 37468.136719 21622.59375 -0.467956 0.846404 12.506294 -85.934555 171.043411 -18414.339844 19175.310547 -1034.314697 -10610.591797
3.262509 -0.357138 1.545878 1.320571 -49.46233 156.123016 90.097855 -11869.22168 37468.796875 21623.226563 -0.467346 0.843959 12.504753 -85.90152 171.552322 -18414.732422 19187.220703 -891.77533 -10731.545898
3.28751 -0.357044 1.546137 1.320575 -49.458038 156.106293 90.114998 -11870.639648 37459.722656 21626.363281 -0.476166 0.851014 12.506149 -85.459686 171.210587 -18413.582031 19246.634766 -1329.793335 -10575.253906
3.312521 -0.357053 1.546115 1.32047 -49.464626 156.127808 90.121971 -11871.172852 37470.371094 21630.425781 -0.474365 0.854948 12.511124 -86.727608 171.403229 -18414.138672 19213.365234 -875.244202 -10647.275391
3.337528 -0.357036 1.54592 1.320495 -49.463161 156.120468 90.101227 -11871.209961 37471.097656 21623.576172 -0.462952 0.8518 12.507156 -86.170998 171.69664 -18413.882813 19168.501953 -936.444397 -10629.543945
3.362532 -0.356975 1.545874 1.320542 -49.466038 156.120316 90.094246 -11872.533203 37468.910156 21621.585938 -0.458832 0.850734 12.508293 -86.245819 171.517075 -18413.757813 19165.423828 -995.400085 -10627.414063
3.387855 -0.356972 1.545812 1.320459 -48.654102 153.560455 88.615181 -11485.388672 36250.53125 20919.761719 -0.45929 0.848569 12.506607 -84.249397 168.598633 -18112.085938 5767.083008 9051.132813 13969.953125
3.412857 -0.356962 1.545833 1.320512 -49.460678 156.104752 90.085464 -11869.595703 37461.347656 21617.726563 -0.462097 0.849669 12.508476 -85.770859 171.133545 -18412.388672 19135.472656 -1433.929565 -10452.901367
3.437867 -0.356976 1.545802 1.320538 -49.462894 156.108353 90.085419 -11870.241211 37464.390625 21618.939453 -0.46051 0.849853 12.510002 -85.517311 171.36795 -18412.609375 19166.138672 -1353.989014 -10505.300781
3.462883 -0.356976 1.545829 1.320544 -49.466259 156.109085 90.086739 -11871.24707 37463.726563 21619.525391 -0.46405 0.84973 12.50808 -85.723625 171.628494 -18412.748047 19093.525391 -1407.650146 -10541.467773
3.487883 -0.356995 1.545874 1.320555 -49.461731 156.117554 90.085815 -11869.884766 37465.503906 21619.253906 -0.470093 0.849669 12.510712 -86.41684 171.776917 -18412.853516 19040.027344 -1285.949219 -10595.262695
3.512884 -0.356994 1.545883 1.320612 -49.456165 156.104309 90.090302 -11868.383789 37461.390625 21618.828125 -0.472382 0.852783 12.517075 -86.517899 172.326706 -18410.994141 18965.419922 -1597.616821 -10483.331055
3.537885 -0.356975 1.545853 1.320569 -49.455181 156.105621 90.094749 -11869.321289 37465.171875 21623.0 -0.469818 0.845946 12.511894 -86.055397 171.962204 -18413.269531 19024.992188 -1180.547852 -10629.019531
3.562898 -0.35698 1.545839 1.320587 -49.390049 155.891205 89.967171 -11836.483398 37360.261719 21560.802734 -0.470489 0.84402 12.511902 -86.430466 171.346878 -18386.947266 15534.426758 -6190.681641 -6044.330566
3.587899 -0.356992 1.545928 1.3206 -49.464664 156.125305 90.094864 -11871.15625 37468.183594 21622.212891 -0.469696 0.844601 12.511726 -86.745506 171.486816 -18413.150391 19099.064453 -1143.53186 -10547.580078
3.6129 -0.356995 1.545921 1.320561 -49.465042 156.110352 90.112198 -11870.907227 37464.503906 21626.292969 -0.4711 0.852141 12.518768 -86.58342 172.007126 -18411.880859 19092.498047 -1411.470215 -10519.564453
3.637901 -0.356978 1.545885 1.320503 -49.466427 156.11232 90.095734 -11871.538086 37465.417969 21622.625 -0.470978 0.847319 12.511887 -86.97274 171.324509 -18412.427734 18969.671875 -1334.369141 -10428.094727
3.66294 -0.356975 1.545859 1.320516 -49.46759 156.118835 90.096436 -11872.069336 37468.253906 21622.59375 -0.468323 0.844478 12.512039 -86.455482 171.721161 -18413.085938 19070.126953 -1135.972046 -10589.231445
3.688003 -0.356989 1.54589 1.320531 -49.461899 156.117065 90.092415 -11869.993164 37465.589844 21620.773438 -0.469299 0.844662 12.513069 -86.403023 171.488419 -18412.316406 19064.876953 -1362.409302 -10481.005859
3.713014 -0.356994 1.545981 1.320561 -49.46386 156.112961 90.100456 -11871.057617 37465.183594 21623.318359 -0.470154 0.850734 12.520683 -85.544075 171.584351 -18412.695313 19226.59375 -1322.0271 -10564.348633
3.738015 -0.357001 1.545889 1.320546 -49.464352 156.102402 90.091904 -11870.237305 37462.386719 21620.248047 -0.466034 0.843597 12.514206 -85.761017 171.343262 -18411.294922 18981.84375 -1630.124146 -10329.71875
3.763016 -0.357007 1.545877 1.320512 -49.469501 156.115433 90.091545 -11872.390625 37467.25 21622.089844 -0.46637 0.842893 12.514458 -86.281563 171.902283 -18413.076172 19074.0 -1205.411743 -10614.839844
3.788018 -0.357016 1.54585 1.320505 -49.467373 156.106934 90.085091 -11871.382813 37463.988281 21619.339844 -0.469513 0.844785 12.513374 -86.194511 172.116226 -18412.152344 19023.166016 -1481.793945 -10538.098633
3.813018 -0.357033 1.545848 1.320535 -49.466534 156.110977 90.091454 -11871.070313 37464.59375 21620.322266 -0.469849 0.849177 12.517685 -86.401665 172.228424 -18412.253906 19068.912109 -1350.186401 -10582.3125
3.838019 -0.357025 1.545857 1.320505 -49.466774 156.120819 90.093277 -11871.942383 37468.253906 21622.455078 -0.46994 0.840386 12.513008 -87.01001 171.790894 -18413.236328 18934.263672 -1102.421021 -10602.204102
3.86302 -0.35702 1.545862 1.320513 -49.46003 156.113052 90.092842 -11869.832031 37464.980469 21620.96875 -0.470154 0.839417 12.512543 -86.627396 171.547363 -18412.806641 19057.386719 -1236.310181 -10529.107422
3.888021 -0.356988 1.545896 1.320529 -49.460606 156.114868 90.091042 -11870.341797 37465.007813 21620.425781 -0.46991 0.843166 12.510536 -86.345757 171.167068 -18412.693359 19151.763672 -1337.94104 -10442.458984
3.913022 -0.356988 1.545895 1.320531 -49.462769 156.114777 90.091995 -11870.40918 37465.496094 21620.863281 -0.468597 0.846834 12.516052 -85.785805 171.243378 -18412.400391 19197.113281 -1347.803711 -10475.296875
3.938023 -0.356992 1.545879 1.320567 -49.463448 156.118484 90.094376 -11870.972656 37468.039063 21621.761719 -0.466583 0.842128 12.511978 -86.088905 170.831879 -18413.208984 19131.767578 -1201.975952 -10464.762695
3.963024 -0.357028 1.545898 1.32056 -49.464661 156.123169 90.089989 -11870.795898 37468.652344 21621.332031 -0.465088 0.84137 12.51281 -85.838562 171.204803 -18413.306641 19182.082031 -1175.266602 -10546.914063
3.988025 -0.357042 1.545891 1.320546 -49.457809 156.112137 90.089851 -11869.033203 37464.960938 21620.580078 -0.463867 0.842285 12.509697 -85.56546 171.430237 -18413.029297 19172.056641 -1328.025513 -10525.663086
4.013026 -0.356998 1.545875 1.320478 -49.466286 156.120621 90.093193 -11872.332031 37468.539063 21622.982422 -0.464935 0.850434 12.516449 -85.684624 171.182678 -18413.042969 19284.771484 -1263.09668 -10526.943359
4.038027 -0.356986 1.545905 1.320521 -49.464176 156.12294 90.09832 -11871.381836 37468.46875 21622.623047 -0.466309 0.844874 12.512253 -85.886154 171.413879 -18413.388672 19078.427734 -1219.837524 -10576.249023
4.063028 -0.357009 1.54591 1.320527 -49.472725 156.121735 90.102646 -11872.923828 37468.511719 21624.173828 -0.46402 0.840912 12.512444 -85.97821 171.099899 -18413.509766 19157.310547 -1094.674438 -10556.77832
4.088029 -0.357002 1.545928 1.320572 -49.468792 156.126846 90.097404 -11872.414063 37469.566406 21622.382813 -0.464142 0.843569 12.510323 -85.608315 171.746643 -18413.560547 19189.492188 -1222.790405 -10625.326172
4.11303 -0.357009 1.545932 1.320562 -49.463871 156.120636 90.087311 -11870.116211 37465.371094 21619.0625 -0.461884 0.844997 12.512451 -85.46254 171.969391 -18412.710938 19148.070313 -1328.744263 -10598.75
4.138031 -0.356989 1.545905 1.320547 -49.464035 156.125259 90.09761 -11871.466797 37469.835938 21623.289063 -0.463348 0.84094 12.505104 -85.802032 171.94989 -18415.050781 19129.320313 -923.880676 -10798.55957
4.163035 -0.356966 1.545889 1.320544 -49.447594 156.082352 90.100235 -11864.805664 37450.703125 21618.742188 -0.46225 0.838829 12.505592 -85.500244 171.629044 -18410.191406 18964.058594 -1877.447266 -10285.740234
4.188036 -0.356973 1.545897 1.320609 -49.457855 156.108398 90.10321 -11868.670898 37462.417969 21621.814453 -0.463806 0.841343 12.501862 -85.306824 171.679352 -18413.519531 19193.021484 -1303.734009 -10610.078125
4.213037 -0.35704 1.545844 1.32057 -49.463535 156.114319 90.110901 -11870.085938 37467.550781 21626.802734 -0.465027 0.842647 12.509186 -85.48407 171.4384 -18414.298828 19263.275391 -961.847717 -10720.983398
4.238039 -0.356996 1.545766 1.320471 -49.463249 156.097794 90.084732 -11870.706055 37461.105469 21619.746094 -0.463074 0.841151 12.50489 -85.498039 171.449051 -18412.945313 19141.34375 -1343.985229 -10520.65332
4.26304 -0.356944 1.545853 1.320473 -49.463009 156.109924 90.0951 -11871.212891 37463.054688 21621.607422 -0.465668 0.842613 12.50312 -86.034737 171.757996 -18413.580078 19129.789063 -1193.849487 -10633.591797
4.288041 -0.357005 1.545844 1.32054 -49.465847 156.119232 90.095665 -11870.731445 37468.125 21621.626953 -0.468902 0.84094 12.503525 -85.942879 171.534363 -18414.003906 19142.949219 -1072.157837 -10672.160156
4.313043 -0.357024 1.545899 1.320627 -49.464687 156.119019 90.100334 -11870.602539 37465.714844 21621.648438 -0.472076 0.847893 12.51107 -86.120499 172.528473 -18412.470703 19097.953125 -1343.106567 -10666.125977
4.338044 -0.357044 1.545892 1.320618 -49.46571 156.115967 90.100365 -11870.826172 37465.859375 21623.013672 -0.46582 0.840974 12.508766 -85.45166 171.702255 -18412.267578 19063.240234 -1374.994995 -10508.924805
4.363046 -0.357022 1.545899 1.320675 -49.468098 156.116516 90.129822 -11872.46582 37467.242188 21629.984375 -0.466827 0.848815 12.514526 -85.550179 172.939163 -18412.941406 19149.763672 -1301.145142 -10762.186523
4.388054 -0.35702 1.54592 1.320594 -49.466743 156.121857 90.110886 -11871.84668 37468.304688 21627.417969 -0.467163 0.848569 12.513405 -85.541824 172.598129 -18412.482422 19043.675781 -1428.036377 -10649.888672
4.413056 -0.357012 1.545879 1.320651 -49.457447 156.10849 90.108833 -11869.233398 37464.5625 21624.099609 -0.466736 0.848788 12.514633 -85.893036 172.752136 -18411.566406 18976.248047 -1551.055664 -10580.432617
4.438057 -0.356995 1.545851 1.320572 -49.460667 156.11116 90.088409 -11870.158203 37465.019531 21621.166016 -0.465393 0.842866 12.510201 -86.045967 172.271942 -18412.488281 18965.740234 -1359.767822 -10593.310547
4.463058 -0.356969 1.545871 1.320556 -49.470528 156.120193 90.093575 -11873.101563 37467.921875 21622.324219 -0.465088 0.843132 12.510674 -85.225868 171.390854 -18412.986328 19196.074219 -1331.997925 -10546.863281
4.48806 -0.357 1.545872 1.320538 -49.463589 156.107224 90.080559 -11869.711914 37462.21875 21617.566406 -0.46933 0.845639 12.510666 -85.939178 172.389084 -18411.679688 18996.175781 -1613.002075 -10535.485352
4.513071 -0.357006 1.545881 1.320522 -49.467827 156.11441 90.085945 -11871.527344 37465.253906 21619.662109 -0.468536 0.852291 12.521027 -85.61393 172.521835 -18411.345703 19106.076172 -1548.892822 -10567.863281
4.538072 -0.357011 1.545902 1.320531 -49.469181 156.11351 90.089966 -11871.875 37464.886719 21620.271484 -0.470886 0.847893 12.517799 -86.51503 172.961212 -18412.0 18855.755859 -1454.588013 -10636.53125
4.563073 -0.357005 1.545878 1.320529 -49.470047 156.110474 90.083687 -11872.25293 37464.78125 21618.917969 -0.466095 0.846493 12.518219 -85.303246 172.372665 -18411.552734 19049.121094 -1560.930054 -10528.282227
4.588074 -0.35701 1.54586 1.320533 -49.473091 156.11676 90.091988 -11873.263672 37467.660156 21621.664063 -0.465057 0.845762 12.515419 -85.769073 172.758041 -18412.927734 19035.464844 -1310.217407 -10704.330078
4.613075 -0.356987 1.545883 1.320567 -49.464836 156.108353 90.094299 -11871.244141 37463.601563 21620.949219 -0.466217 0.854183 12.522659 -85.610802 173.683167 -18411.482422 19028.048828 -1593.726196 -10717.987305
4.638076 -0.356973 1.545858 1.320541 -49.468441 156.115952 90.100143 -11872.428711 37467.566406 21624.052734 -0.465363 0.850495 12.517761 -85.900391 172.593307 -18413.255859 19012.644531 -1237.501587 -10710.986328
4.663077 -0.357002 1.545895 1.320525 -49.466145 156.108429 90.115662 -11870.798828 37463.421875 21626.78125 -0.466309 0.849477 12.516098 -85.625839 172.606262 -18412.707031 19031.498047 -1382.376831 -10673.900391
4.688078 -0.357004 1.545918 1.320643 -49.460255 156.110687 90.109123 -11869.768555 37464.160156 21623.302734 -0.468628 0.84848 12.515427 -85.363434 172.781647 -18412.193359 19005.388672 -1524.018677 -10654.639648
4.71308 -0.357023 1.545902 1.320634 -49.462097 156.110703 90.108521 -11869.53125 37463.304688 21624.154297 -0.466339 0.853336 12.520752 -85.45649 173.120117 -18410.777344 19014.560547 -1719.080811 -10560.96875
4.738081 -0.356992 1.545886 1.32058 -49.460316 156.108673 90.096481 -11869.810547 37462.796875 21621.904297 -0.467865 0.851137 12.513893 -85.713501 172.566025 -18411.125 18908.253906 -1774.900146 -10465.789063
4.763083 -0.357003 1.545911 1.320567 -49.459705 156.108536 90.102959 -11869.051758 37462.1875 21622.880859 -0.468597 0.851779 12.514793 -85.399925 172.752136 -18411.273438 18987.972656 -1686.789917 -10553.106445
4.788105 -0.356991 1.54591 1.320602 -49.407269 155.943558 90.004784 -11844.046875 37382.683594 21575.361328 -0.466766 0.851533 12.513107 -85.085838 172.275467 -18391.652344 16690.763672 -5562.540039 -7327.018066
4.813124 -0.357014 1.545895 1.320587 -49.466843 156.120255 90.105804 -11871.511719 37468.460938 21625.25 -0.465149 0.856321 12.517914 -84.955879 172.836716 -18412.269531 19144.201172 -1466.739746 -10686.554688
4.838141 -0.356984 1.545865 1.320558 -49.369999 155.808838 89.912041 -11825.81543 37320.648438 21536.662109 -0.464752 0.851253 12.512482 -85.196045 172.883255 -18376.929688 11762.086914 -7034.73877 -1962.970825
4.863142 -0.35699 1.54586 1.320532 -49.464119 156.110962 90.08918 -11870.65625 37464.632813 21620.587891 -0.465362 0.846711 12.511642 -85.915314 172.352264 -18412.671875 18992.537109 -1322.295898 -10647.375977
4.888149 -0.357021 1.545892 1.320561 -49.46431 156.112106 90.093498 -11870.324219 37464.378906 21620.830078 -0.469421 0.846219 12.511726 -85.723404 171.779297 -18412.455078 19065.427734 -1448.040527 -10546.495117
4.91315 -0.357007 1.545879 1.320524 -49.464813 156.120651 90.097977 -11871.109375 37467.085938 21622.851563 -0.471497 0.849915 12.513153 -86.073929 171.899857 -18412.617188 19106.291016 -1362.707642 -10565.75
4.938151 -0.357013 1.545908 1.320612 -49.466343 156.121582 90.099281 -11871.62793 37468.128906 21622.197266 -0.471893 0.844601 12.508026 -85.999191 171.659683 -18413.863281 19081.382813 -1107.299683 -10649.305664
4.963152 -0.357074 1.545917 1.32057 -49.475353 156.121231 90.098656 -11873.016602 37468.351563 21623.9375 -0.471405 0.838501 12.512802 -86.263832 171.413071 -18413.435547 19086.929688 -1029.071777 -10628.258789
4.988154 -0.356988 1.545876 1.320577 -49.460484 156.105072 90.086563 -11870.638672 37462.289063 21618.648438 -0.470459 0.845372 12.510513 -85.885406 171.73909 -18411.888672 19133.761719 -1571.523315 -10433.854492
5.013155 -0.356979 1.545823 1.32046 -49.472195 156.111206 90.082825 -11872.803711 37465.398438 21620.373047 -0.468872 0.848726 12.515839 -85.977829 171.644135 -18411.894531 19125.65625 -1430.407104 -10477.014648
5.038156 -0.356993 1.54582 1.320493 -49.465977 156.11821 90.087097 -11871.429688 37467.769531 21620.058594 -0.470398 0.841793 12.509933 -86.182793 171.190872 -18413.630859 19066.0 -1153.009277 -10559.859375
5.063157 -0.356989 1.545819 1.320501 -49.461601 156.121552 90.085152 -11870.645508 37468.585938 21619.960938 -0.467529 0.839382 12.508293 -85.98761 171.163071 -18413.808594 19182.71875 -1055.747559 -10577.413086
5.088159 -0.356971 1.54584 1.32049 -49.459274 156.107117 90.074677 -11869.385742 37461.902344 21616.070313 -0.468079 0.843351 12.508133 -85.767807 171.594116 -18412.3125 19138.855469 -1465.405029 -10483.378906
5.11316 -0.356979 1.545867 1.320523 -49.467018 156.113235 90.083313 -11871.305664 37464.707031 21618.322266 -0.471588 0.846861 12.510536 -85.917465 171.674393 -18412.757813 19133.123047 -1353.43103 -10560.279297
5.138166 -0.356968 1.545838 1.32049 -49.43586 156.018295 90.02507 -11857.258789 37421.152344 21592.835938 -0.468323 0.839779 12.504692 -85.634895 171.088837 -18402.736328 18287.482422 -3427.637939 -9247.358398
5.163167 -0.356972 1.545849 1.320491 -49.463997 156.105103 90.084335 -11870.65625 37462.980469 21619.017578 -0.46936 0.841309 12.508911 -85.884712 171.488342 -18412.785156 19148.671875 -1285.276733 -10550.766602
5.188169 -0.356998 1.546015 1.320416 -49.460953 156.113937 90.106445 -11869.59082 37462.894531 21625.449219 -0.478119 0.838679 12.51181 -86.454765 171.499084 -18412.384766 18987.880859 -1396.81189 -10522.619141
5.21317 -0.357068 1.546083 1.320462 -49.464634 156.133331 90.122986 -11870.3125 37470.386719 21628.488281 -0.47525 0.843016 12.51548 -86.004623 171.824417 -18412.951172 19181.154297 -1210.363892 -10592.619141
5.238171 -0.357044 1.545922 1.320516 -49.460197 156.118713 90.09948 -11870.132813 37468.738281 21621.892578 -0.471191 0.834997 12.512527 -86.44709 170.878586 -18412.611328 19049.128906 -1231.396729 -10420.637695
5.263172 -0.356986 1.545893 1.320565 -49.459633 156.115372 90.10041 -11870.496094 37466.042969 21622.216797 -0.467865 0.835872 12.512482 -85.664063 170.888504 -18412.429688 19195.892578 -1384.137085 -10402.907227
5.288178 -0.356976 1.545889 1.320559 -49.462139 156.118484 90.098839 -11870.852539 37467.871094 21623.431641 -0.4711 0.836275 12.516037 -86.139023 171.290863 -18412.972656 19130.154297 -1246.395508 -10542.095703
5.313179 -0.356972 1.545872 1.320529 -49.461693 156.112442 90.093285 -11870.216797 37465.164063 21621.644531 -0.467651 0.83969 12.518639 -85.839256 171.190109 -18411.873047 19170.630859 -1464.504883 -10394.150391
5.33818 -0.356968 1.545856 1.320583 -49.459785 156.111633 90.094017 -11869.754883 37464.96875 21620.591797 -0.470367 0.834779 12.513855 -86.196312 170.649994 -18412.212891 19044.382813 -1471.896729 -10340.723633
5.363182 -0.356987 1.545853 1.320568 -49.460152 156.106277 90.084808 -11869.041016 37462.027344 21618.548828 -0.471008 0.832422 12.51696 -86.366417 170.486008 -18410.875 19033.972656 -1633.77771 -10215.935547
5.388981 -0.35699 1.545908 1.320577 -49.459641 156.112488 90.096519 -11869.612305 37464.132813 21621.828125 -0.473694 0.836398 12.515167 -86.173714 170.508133 -18412.144531 19163.230469 -1514.046021 -10303.057617
5.413982 -0.357102 1.545922 1.320521 -49.456314 156.112091 90.100891 -11867.251953 37464.652344 21623.835938 -0.472321 0.838925 12.522118 -85.909241 171.019623 -18411.664063 19157.039063 -1467.14563 -10380.944336
5.438984 -0.357117 1.545902 1.320432 -49.463757 156.117249 90.09874 -11870.900391 37467.800781 21624.619141 -0.472504 0.835653 12.515099 -86.60321 170.192657 -18412.609375 19105.041016 -1357.461304 -10288.890625
5.463985 -0.357031 1.545861 1.320454 -49.461082 156.10762 90.086205 -11871.232422 37464.347656 21619.185547 -0.466827 0.840263 12.515518 -86.074883 170.539276 -18411.742188 19215.671875 -1483.678345 -10267.439453
5.488986 -0.357004 1.545898 1.320454 -49.46431 156.105545 90.109764 -11871.638672 37464.175781 21625.986328 -0.469452 0.848016 12.517685 -86.11451 170.993423 -18412.472656 19210.451172 -1418.366455 -10415.242188
5.513988 -0.357049 1.546033 1.320415 -49.466469 156.114975 90.101112 -11870.643555 37463.582031 21623.625 -0.471924 0.839109 12.512711 -86.23513 169.62709 -18412.478516 19086.539063 -1390.530884 -10237.170898
5.538989 -0.357008 1.545904 1.320491 -49.46064 156.10466 90.088799 -11870.03418 37463.460938 21618.183594 -0.465301 0.842832 12.514786 -86.114616 170.438477 -18411.085938 19181.265625 -1583.340332 -10199.556641
5.56399 -0.356989 1.545846 1.320537 -49.467323 156.115097 90.089882 -11872.225586 37467.832031 21620.566406 -0.460235 0.841636 12.510094 -85.658371 170.526245 -18413.083984 19234.285156 -1269.45166 -10393.990234
5.588992 -0.356981 1.545855 1.320499 -49.467865 156.109451 90.076538 -11871.74707 37464.0625 21617.707031 -0.462952 0.841486 12.509369 -85.711235 169.731995 -18412.427734 19220.710938 -1465.296753 -10248.954102
5.613993 -0.356996 1.545878 1.320512 -49.472912 156.109161 90.077782 -11872.621094 37463.792969 21617.285156 -0.461853 0.846923 12.515572 -85.467293 170.808914 -18411.640625 19227.708984 -1552.630981 -10341.163086
5.638994 -0.356986 1.545866 1.320532 -49.476215 156.106659 90.07518 -11874.241211 37465.160156 21617.402344 -0.462494 0.840605 12.508545 -85.349625 169.812363 -18413.236328 19211.890625 -1338.832275 -10327.298828
5.663995 -0.356963 1.545845 1.320511 -49.465912 156.108078 90.066536 -11871.953125 37465.617188 21615.912109 -0.461517 0.839136 12.508324 -85.421089 169.990219 -18413.427734 19293.708984 -1215.74353 -10389.938477
5.688996 -0.356965 1.545769 1.320412 -49.465416 156.112976 90.060959 -11871.027344 37466.148438 21614.871094 -0.463654 0.842927 12.506699 -86.348671 170.282013 -18413.529297 19248.478516 -1190.058716 -10404.664063
5.713997 -0.356999 1.545798 1.320511 -49.467983 156.10556 90.079468 -11871.172852 37462.851563 21616.445313 -0.468872 0.845577 12.511696 -86.389832 170.839249 -18413.191406 19173.806641 -1199.265259 -10499.677734
5.738998 -0.357006 1.545821 1.320502 -49.466057 156.106033 90.090309 -11871.09668 37463.054688 21620.621094 -0.469757 0.840824 12.50473 -85.711372 170.696716 -18413.476563 19150.486328 -1258.82373 -10466.283203
5.763999 -0.356988 1.545839 1.3205 -49.462719 156.109116 90.094101 -11870.650391 37463.859375 21621.421875 -0.470978 0.840578 12.507111 -86.178253 171.179367 -18413.875 19180.683594 -1036.520996 -10606.894531
5.789001 -0.357026 1.545847 1.320539 -49.456692 156.099991 90.086136 -11867.487305 37458.914063 21617.242188 -0.470642 0.841063 12.506729 -86.002579 171.231766 -18412.166016 19104.103516 -1444.075195 -10423.776367
5.814002 -0.357012 1.545856 1.3206 -49.461456 156.119797 90.102226 -11870.758789 37468.007813 21623.302734 -0.474213 0.847442 12.513802 -85.980766 171.516327 -18413.509766 19227.927734 -1145.302246 -10628.852539
5.839003 -0.356995 1.545885 1.320484 -49.458427 156.11702 90.091385 -11870.078125 37467.054688 21623.251953 -0.475311 0.845851 12.510735 -86.212952 171.634354 -18413.675781 19104.298828 -1131.74585 -10623.418945
5.864007 -0.356961 1.545848 1.32048 -49.464725 156.110443 90.085091 -11871.356445 37464.960938 21619.273438 -0.474365 0.843474 12.510185 -85.759636 171.041672 -18412.464844 19126.121094 -1378.782227 -10438.734375
5.889027 -0.356982 1.545818 1.32048 -49.465611 156.116272 90.085968 -11871.246094 37467.707031 21620.277344 -0.474213 0.843692 12.51078 -85.794258 170.943344 -18413.222656 19202.800781 -1225.275757 -10499.878906
5.914028 -0.356982 1.545818 1.320493 -49.46207 156.109482 90.088753 -11870.244141 37464.195313 21619.904297 -0.476807 0.846158 12.513077 -85.82756 171.097412 -18412.240234 19146.8125 -1460.228516 -10429.335938
5.939029 -0.356993 1.545846 1.320514 -49.461845 156.112061 90.093658 -11870.482422 37465.882813 21621.820313 -0.474518 0.839744 12.510284 -85.230247 170.994247 -18413.404297 19173.427734 -1217.182739 -10533.978516
5.964031 -0.356978 1.545835 1.320529 -49.456867 156.102875 90.088249 -11869.209961 37462.777344 21619.771484 -0.476807 0.842675 12.508003 -86.081032 171.73587 -18413.183594 19125.876953 -1286.483032 -10580.678711
5.989032 -0.356987 1.545829 1.320546 -49.461792 156.099091 90.078644 -11869.591797 37460.339844 21616.601563 -0.477478 0.843658 12.508186 -86.425392 171.484222 -18411.970703 19050.986328 -1447.682617 -10436.642578
6.014033 -0.356977 1.545834 1.32059 -49.462959 156.116211 90.08754 -11871.050781 37467.203125 21620.011719 -0.475769 0.850639 12.514755 -86.386009 171.933502 -18412.751953 19168.726563 -1207.854736 -10592.201172
6.039034 -0.356974 1.545837 1.320573 -49.460632 156.10849 90.082443 -11869.935547 37463.925781 21618.841797 -0.47345 0.847142 12.507217 -85.780373 171.667023 -18412.736328 19066.667969 -1380.523804 -10510.961914
6.064035 -0.357126 1.545854 1.320517 -49.458607 156.10498 90.08876 -11867.228516 37462.894531 21620.923828 -0.477539 0.84012 12.507545 -86.551048 171.767899 -18413.039063 18965.316406 -1191.654419 -10617.806641
6.089037 -0.356985 1.545902 1.320476 -49.454456 156.097778 90.089897 -11869.994141 37459.261719 21620.134766 -0.476685 0.847469 12.50592 -85.790024 171.937439 -18411.707031 19123.244141 -1614.891235 -10446.30957
6.114038 -0.356993 1.545952 1.320495 -49.460159 156.118225 90.105721 -11870.12207 37467.039063 21624.748047 -0.479706 0.849887 12.51181 -86.193832 172.082672 -18412.673828 19082.587891 -1281.862183 -10628.763672
6.139039 -0.356969 1.545872 1.320542 -49.454941 156.114151 90.0924 -11868.87793 37466.476563 21620.294922 -0.474121 0.844539 12.507339 -85.741043 171.853058 -18412.515625 19052.759766 -1338.494263 -10533.995117
6.16404 -0.356969 1.545837 1.32055 -49.4604 156.110672 90.086128 -11869.834961 37465.0 21619.375 -0.472839 0.841828 12.506844 -85.70697 171.790848 -18413.197266 19109.992188 -1217.535889 -10620.037109
6.189041 -0.35698 1.545848 1.320538 -49.466301 156.109665 90.085373 -11871.098633 37464.085938 21619.457031 -0.475708 0.841916 12.507088 -84.943642 171.865341 -18412.826172 19146.908203 -1436.971436 -10605.604492
6.214043 -0.356977 1.545848 1.320557 -49.469154 156.114349 90.090187 -11872.435547 37466.804688 21621.007813 -0.4776 0.846527 12.512436 -85.336014 171.921143 -18413.083984 19205.162109 -1291.664917 -10647.717773
6.239044 -0.356989 1.545861 1.320567 -49.464294 156.111603 90.092171 -11871.068359 37465.992188 21621.621094 -0.475311 0.838317 12.510826 -84.989609 171.379456 -18412.90625 19117.083984 -1319.338745 -10553.665039
6.264058 -0.356989 1.545828 1.320559 -49.460644 156.110611 90.094948 -11870.355469 37466.402344 21622.546875 -0.46875 0.834253 12.509056 -85.058151 171.465515 -18413.925781 19231.623047 -1070.932495 -10645.701172
6.289059 -0.356966 1.545802 1.320487 -49.455719 156.110443 90.093964 -11869.510742 37466.238281 21623.226563 -0.470825 0.838317 12.506157 -84.706345 171.221191 -18413.806641 19305.806641 -1309.821655 -10583.90332
6.31406 -0.356993 1.545921 1.320552 -49.460697 156.100983 90.094559 -11869.529297 37460.46875 21620.5625 -0.477386 0.845489 12.515526 -85.346504 171.509735 -18412.064453 19191.337891 -1535.327881 -10509.889648
6.339061 -0.357005 1.54583 1.320496 -49.461605 156.106583 90.084663 -11869.951172 37464.820313 21619.929688 -0.474945 0.839355 12.509041 -85.61097 171.310501 -18412.902344 19087.214844 -1331.622925 -10496.527344
6.364063 -0.357014 1.545802 1.320477 -49.468067 156.114105 90.085526 -11872.00293 37467.144531 21620.443359 -0.471069 0.837279 12.509232 -85.245163 171.377747 -18414.3125 19256.425781 -990.150574 -10678.411133
6.389064 -0.357024 1.545833 1.32051 -49.460037 156.10997 90.089165 -11869.615234 37463.890625 21619.726563 -0.474304 0.840482 12.507378 -85.316078 172.06459 -18413.056641 19145.873047 -1400.338501 -10628.532227
6.414065 -0.357025 1.545934 1.320593 -49.460732 156.099319 90.090157 -11869.896484 37460.320313 21619.248047 -0.47995 0.850277 12.513977 -84.858559 172.33989 -18412.523438 19217.189453 -1525.915161 -10652.94043
6.439066 -0.357046 1.545876 1.320582 -49.466381 156.109268 90.088936 -11871.43457 37466.429688 21621.144531 -0.474365 0.844293 12.508896 -85.032593 172.141693 -18414.261719 19157.390625 -1042.729736 -10765.27832
6.464067 -0.357043 1.545903 1.320538 -49.467163 156.113464 90.093506 -11871.96875 37466.226563 21622.71875 -0.471649 0.840639 12.50618 -85.164276 172.031052 -18415.136719 19213.144531 -862.978821 -10847.996094
6.489078 -0.357019 1.545918 1.320552 -49.462727 156.107666 90.091484 -11870.750977 37463.546875 21620.5625 -0.472778 0.847865 12.510406 -84.540428 171.893219 -18413.677734 19321.677734 -1270.874146 -10698.84375
6.51408 -0.356993 1.545848 1.320584 -49.461494 156.104874 90.090065 -11870.478516 37464.117188 21619.960938 -0.472992 0.848876 12.511566 -84.629051 172.333405 -18413.285156 19187.072266 -1332.709473 -10721.549805
6.539081 -0.356999 1.545833 1.32054 -49.465126 156.10614 90.084435 -11870.884766 37463.625 21619.708984 -0.468109 0.842675 12.507553 -84.524574 172.012878 -18413.449219 19158.230469 -1264.603638 -10679.070313
6.564082 -0.356958 1.545842 1.320556 -49.464081 156.111145 90.084663 -11871.78125 37465.925781 21619.730469 -0.465515 0.842647 12.50631 -84.824684 172.538391 -18414.310547 19205.394531 -1080.452271 -10837.078125
6.589083 -0.356986 1.545853 1.320552 -49.461887 156.102341 90.080429 -11869.785156 37462.328125 21618.164063 -0.469482 0.844088 12.504341 -84.756195 172.53331 -18413.060547 19125.152344 -1456.518311 -10709.367188
6.614085 -0.357003 1.54581 1.320502 -49.46479 156.104202 90.083542 -11870.648438 37463.570313 21619.574219 -0.468994 0.848753 12.506287 -85.134399 172.623535 -18413.205078 19174.396484 -1299.769775 -10736.869141
6.639086 -0.357035 1.545795 1.320548 -49.471294 156.111282 90.088585 -11872.458984 37466.289063 21620.238281 -0.470947 0.842319 12.501236 -86.12204 172.379303 -18414.34375 19014.744141 -1002.696289 -10805.945313
6.664087 -0.35699 1.545822 1.320532 -49.462959 156.101547 90.077179 -11871.103516 37461.921875 21617.566406 -0.473633 0.845181 12.503906 -85.982796 172.69812 -18413.076172 19064.539063 -1258.041016 -10737.110352
6.689089 -0.356987 1.545815 1.320582 -49.463417 156.108673 90.093079 -11871.053711 37465.554688 21621.251953 -0.476562 0.851779 12.507652 -86.564194 173.53331 -18413.166016 19009.367188 -1187.60498 -10847.789063
6.71409 -0.35699 1.545845 1.320572 -49.464634 156.106186 90.090141 -11871.270508 37464.421875 21621.416016 -0.473694 0.850734 12.508842 -85.879539 173.365295 -18413.046875 19002.925781 -1197.710693 -10821.62793
6.739092 -0.356961 1.545808 1.320559 -49.451675 156.095047 90.077492 -11867.719727 37459.839844 21616.765625 -0.475128 0.848446 12.503311 -86.504761 173.4422 -18412.523438 18866.292969 -1377.402222 -10735.494141
6.764093 -0.356948 1.545821 1.320515 -49.460663 156.105957 90.078026 -11870.091797 37463.171875 21618.154297 -0.471832 0.84512 12.505463 -86.18502 172.660339 -18413.298828 19024.845703 -1081.182251 -10759.008789
6.789094 -0.357006 1.545872 1.320501 -49.466507 156.116394 90.085777 -11870.924805 37466.582031 21620.433594 -0.475006 0.84152 12.506233 -86.049965 172.001541 -18413.363281 19046.6875 -1178.755371 -10680.374023
6.814095 -0.357047 1.5459 1.320463 -49.465172 156.114426 90.081757 -11870.390625 37464.996094 21618.980469 -0.476044 0.849122 12.510445 -86.129768 172.636581 -18412.087891 19081.617188 -1443.263184 -10615.683594
6.839097 -0.357065 1.545867 1.320516 -49.468266 156.116364 90.07827 -11871.475586 37466.3125 21616.814453 -0.475464 0.844088 12.507515 -86.132973 171.88913 -18412.232422 18985.451172 -1402.912231 -10520.539063
6.864098 -0.356989 1.54586 1.320545 -49.463634 156.109756 90.088318 -11871.709961 37464.382813 21619.595703 -0.470245 0.848788 12.506516 -86.04068 172.594025 -18413.0 19124.279297 -1227.449463 -10670.771484
6.889099 -0.356988 1.545866 1.320555 -49.466869 156.114883 90.094193 -11871.856445 37466.863281 21622.089844 -0.465485 0.850584 12.504463 -84.85743 172.559616 -18413.421875 19192.033203 -1260.347656 -10731.850586
6.9141 -0.357001 1.545841 1.32053 -49.459404 156.107666 90.090149 -11869.418945 37464.132813 21620.810547 -0.469269 0.854648 12.508766 -85.550423 172.870239 -18412.871094 19084.587891 -1347.386475 -10754.603516
6.939101 -0.356939 1.545953 1.320617 -49.45113 156.094757 90.086678 -11868.052734 37457.625 21617.525391 -0.471802 0.854211 12.505424 -85.187965 173.091354 -18412.810547 19020.480469 -1452.730103 -10747.90332
6.964102 -0.356987 1.545889 1.320563 -49.461113 156.101639 90.097153 -11869.321289 37463.230469 21622.896484 -0.467621 0.849477 12.508774 -86.227402 173.523361 -18413.478516 18949.318359 -1003.641174 -10907.811523
6.989104 -0.357009 1.545887 1.320592 -49.458618 156.10173 90.085686 -11869.095703 37462.371094 21618.945313 -0.46759 0.848385 12.507729 -85.973976 173.429932 -18413.257813 18975.025391 -1208.110962 -10842.931641
7.014105 -0.356999 1.545829 1.320511 -49.463326 156.102676 90.082024 -11870.693359 37463.425781 21619.667969 -0.46579 0.851656 12.515633 -85.771057 172.93251 -18412.994141 19103.027344 -1176.354492 -10787.254883
7.03911 -0.356979 1.545795 1.320512 -49.46442 156.107254 90.076241 -11871.542969 37465.617188 21617.925781 -0.465301 0.84219 12.511314 -86.111069 172.548218 -18413.544922 18946.246094 -1114.170166 -10756.584961
7.064111 -0.35695 1.545821 1.320503 -49.459393 156.094009 90.074867 -11869.568359 37458.675781 21616.066406 -0.466522 0.841486 12.508438 -86.036934 172.088226 -18412.822266 19043.9375 -1338.366699 -10600.566406
7.089112 -0.356972 1.54585 1.320479 -49.465767 156.108719 90.080986 -11871.273438 37465.046875 21619.431641 -0.46991 0.84402 12.508446 -86.220558 172.590836 -18413.582031 19066.712891 -1164.451538 -10756.391602
7.114113 -0.357104 1.545875 1.320491 -49.458366 156.114471 90.088501 -11867.445313 37465.039063 21619.867188 -0.4711 0.844211 12.512169 -86.61055 173.016052 -18412.412109 18945.482422 -1283.187622 -10715.629883
7.139114 -0.357125 1.545866 1.320479 -49.45916 156.1082 90.089035 -11869.237305 37464.027344 21620.345703 -0.470795 0.840359 12.508347 -86.645775 172.042374 -18412.990234 18986.925781 -1210.255737 -10604.699219
7.164115 -0.357017 1.545893 1.32053 -49.460964 156.115982 90.086617 -11871.980469 37466.808594 21619.689453 -0.467651 0.846035 12.510803 -86.613388 173.143997 -18413.630859 19077.585938 -1017.160706 -10823.416016
7.189117 -0.357042 1.545877 1.32054 -49.450695 156.112213 90.08477 -11867.157227 37465.089844 21619.0 -0.465485 0.850673 12.510284 -86.374596 173.429932 -18412.755859 19006.771484 -1274.5 -10764.745117
7.214118 -0.356981 1.545823 1.320376 -49.457829 156.102707 90.078667 -11869.652344 37461.921875 21619.224609 -0.463837 0.858644 12.514893 -86.08918 173.056183 -18411.492188 19043.271484 -1539.548584 -10608.34082
7.23912 -0.357012 1.545843 1.320469 -49.460232 156.108231 90.085777 -11869.348633 37463.609375 21618.0625 -0.467468 0.85236 12.507866 -86.219208 172.451355 -18413.087891 18927.496094 -1307.788086 -10672.085938
7.264121 -0.356986 1.545829 1.320514 -49.463013 156.113892 90.091888 -11871.291016 37466.914063 21621.033203 -0.466003 0.853569 12.509102 -86.633789 172.999741 -18413.820313 19030.253906 -983.567444 -10834.303711
7.289122 -0.356992 1.545889 1.320567 -49.459549 156.118912 90.098381 -11870.015625 37467.054688 21622.492188 -0.468506 0.851984 12.506416 -86.545059 172.667892 -18413.599609 18988.074219 -1123.575928 -10760.259766
7.314124 -0.357006 1.545866 1.320496 -49.464485 156.112488 90.090614 -11870.613281 37465.257813 21621.580078 -0.468017 0.857551 12.51004 -86.155022 172.539032 -18412.539063 19093.048828 -1319.880005 -10648.380859
7.339125 -0.357009 1.54581 1.320516 -49.465076 156.113571 90.083115 -11871.385742 37467.4375 21619.291016 -0.465759 0.852203 12.50647 -86.431068 173.02359 -18413.535156 18945.765625 -1076.536865 -10803.342773
7.364127 -0.356976 1.545836 1.320497 -49.466064 156.107834 90.084702 -11871.680664 37463.453125 21619.417969 -0.465363 0.853364 12.505737 -86.497826 173.187408 -18413.576172 19000.367188 -1090.245605 -10827.887695
7.390034 -0.356988 1.545866 1.320511 -49.461025 156.108047 90.085258 -11869.821289 37463.445313 21619.083984 -0.467468 0.85253 12.50589 -86.25563 172.971863 -18413.591797 19000.164063 -1120.396118 -10820.894531
7.415048 -0.356986 1.545857 1.320472 -49.462387 156.111633 90.080925 -11870.344727 37464.847656 21618.78125 -0.466675 0.854095 12.510933 -86.169197 172.913605 -18413.162109 19049.849609 -1137.268311 -10785.84082
7.440064 -0.356976 1.545876 1.32047 -49.462452 156.105682 90.077255 -11870.46582 37463.007813 21617.369141 -0.466034 0.848542 12.505463 -85.597931 172.163681 -18413.216797 19037.972656 -1276.900513 -10655.448242
7.465065 -0.356956 1.545835 1.320465 -49.460205 156.102463 90.069656 -11870.081055 37463.128906 21615.599609 -0.463013 0.847107 12.50399 -85.430183 172.317017 -18413.326172 19117.347656 -1216.526978 -10697.318359
7.490067 -0.356987 1.545853 1.320503 -49.459682 156.104492 90.082733 -11869.224609 37462.746094 21618.117188 -0.468201 0.846773 12.502541 -86.086533 172.317764 -18413.457031 19041.244141 -1229.9552 -10712.359375
7.515069 -0.356981 1.545844 1.320513 -49.462566 156.115005 90.091568 -11870.916016 37467.109375 21621.476563 -0.466156 0.852906 12.510773 -86.11599 172.656403 -18413.132813 19145.201172 -1119.729492 -10748.433594
7.540071 -0.356984 1.545867 1.320525 -49.45871 156.106598 90.092728 -11869.385742 37463.175781 21620.876953 -0.468964 0.845762 12.505684 -86.529152 171.972717 -18413.195313 18949.072266 -1212.257202 -10627.051758
7.565072 -0.357002 1.545876 1.320548 -49.461006 156.117645 90.093246 -11870.192383 37467.492188 21621.691406 -0.469177 0.843631 12.507446 -86.883797 172.071198 -18413.859375 19043.662109 -944.049561 -10722.004883
7.590073 -0.357003 1.545864 1.320561 -49.460613 156.104324 90.081886 -11869.415039 37461.707031 21617.443359 -0.469818 0.846185 12.50087 -87.293678 172.47998 -18412.992188 18967.917969 -1230.693115 -10619.647461
7.615074 -0.357017 1.545894 1.320591 -49.464249 156.11615 90.087585 -11871.019531 37466.804688 21620.222656 -0.47049 0.851656 12.508118 -86.848114 172.846481 -18413.845703 19081.384766 -931.820618 -10836.095703
7.640075 -0.357041 1.5459 1.320546 -49.466232 156.103683 90.086014 -11870.891602 37462.738281 21620.09375 -0.469757 0.845796 12.501839 -86.479454 172.313736 -18414.068359 18999.251953 -1010.316223 -10747.25
7.665077 -0.357025 1.545861 1.320555 -49.461994 156.107224 90.089272 -11870.90625 37465.667969 21620.929688 -0.467651 0.847531 12.501167 -86.436523 171.919495 -18414.804688 19181.615234 -814.851013 -10766.732422
7.69009 -0.357024 1.5459 1.320597 -49.456478 156.122101 90.092003 -11869.379883 37468.105469 21621.123047 -0.468658 0.850557 12.502464 -87.182465 173.020233 -18415.191406 19049.488281 -672.443115 -10963.115234
7.715091 -0.357029 1.545887 1.320571 -49.462196 156.11174 90.094688 -11870.193359 37464.945313 21621.908203 -0.465973 0.85766 12.507584 -86.59211 173.784882 -18413.710938 19047.101563 -983.207947 -10933.962891
7.740092 -0.357024 1.54586 1.32052 -49.465115 156.106216 90.080154 -11871.041016 37463.792969 21618.771484 -0.466339 0.853787 12.502731 -87.132256 172.824249 -18414.039063 18930.082031 -955.035339 -10808.911133
7.765094 -0.357029 1.545868 1.320521 -49.466995 156.111252 90.086296 -11871.818359 37465.976563 21620.332031 -0.466522 0.851137 12.504814 -86.871849 172.983429 -18414.519531 18989.083984 -795.324158 -10922.206055
7.790095 -0.357014 1.545895 1.32052 -49.464115 156.101807 90.094521 -11870.949219 37461.964844 21621.511719 -0.469208 0.856171 12.502937 -86.399284 173.528275 -18413.458984 19000.404297 -1203.09436 -10850.043945
7.815096 -0.357005 1.54591 1.320505 -49.465866 156.108734 90.100807 -11871.280273 37463.808594 21623.210938 -0.465881 0.862243 12.510216 -86.496651 173.698746 -18413.003906 19029.898438 -1102.968994 -10866.984375
7.840098 -0.356977 1.545851 1.320543 -49.460857 156.101685 90.086647 -11869.889648 37461.757813 21618.236328 -0.46405 0.854552 12.505676 -86.352158 173.044708 -18413.269531 18900.125 -1147.331055 -10781.921875
7.865099 -0.356975 1.545857 1.320516 -49.465244 156.113419 90.093765 -11871.499023 37466.503906 21622.515625 -0.462646 0.854737 12.505722 -86.599373 173.242355 -18415.087891 19045.828125 -725.578369 -10994.535156
7.8901 -0.356973 1.545858 1.32052 -49.458839 156.101517 90.088867 -11869.030273 37460.824219 21619.246094 -0.46286 0.861389 12.512802 -86.603096 173.922363 -18412.322266 18959.660156 -1290.183105 -10828.760742
7.915102 -0.356993 1.545877 1.320578 -49.458378 156.112137 90.099174 -11869.06543 37464.585938 21621.777344 -0.460449 0.856991 12.506889 -85.908096 172.870239 -18413.630859 19003.183594 -1146.616089 -10782.103516
7.940114 -0.356993 1.54584 1.320538 -49.458988 156.110855 90.091499 -11869.96875 37466.503906 21622.173828 -0.464386 0.855249 12.508064 -86.772667 172.80304 -18414.074219 18981.101563 -965.909729 -10851.727539
7.965116 -0.357006 1.545991 1.320424 -49.447727 156.107605 90.100197 -11866.155273 37460.152344 21623.671875 -0.467987 0.855864 12.509087 -87.094116 173.474976 -18412.867188 18876.472656 -1204.636108 -10804.837891
7.990117 -0.356996 1.545915 1.320538 -49.460308 156.114548 90.10083 -11870.419922 37467.949219 21622.1875 -0.459961 0.854306 12.505287 -86.183327 172.616165 -18413.941406 19092.794922 -969.874268 -10766.59668
8.015119 -0.357033 1.545889 1.320531 -49.457462 156.102341 90.097343 -11868.607422 37462.875 21622.279297 -0.461975 0.855987 12.511658 -86.085381 172.334229 -18412.589844 19063.089844 -1288.312988 -10660.541992
8.040119 -0.357039 1.545844 1.320499 -49.461006 156.098557 90.090111 -11869.896484 37462.238281 21620.890625 -0.459839 0.8507 12.50602 -86.323929 171.601456 -18413.550781 19060.382813 -1116.699463 -10596.116211
8.065122 -0.357023 1.545832 1.320514 -49.464439 156.098114 90.085419 -11871.037109 37461.640625 21619.087891 -0.458984 0.848849 12.506561 -86.541954 171.778473 -18413.539063 19080.476563 -1054.862305 -10643.902344
8.090123 -0.356986 1.545859 1.32057 -49.467239 156.107666 90.085976 -11872.467773 37464.835938 21619.466797 -0.460236 0.855987 12.507523 -86.608322 172.381012 -18413.679688 19129.796875 -1093.083252 -10715.125977
8.115124 -0.356986 1.545843 1.320621 -49.469391 156.110931 90.091019 -11872.461914 37466.222656 21620.742188 -0.459656 0.860105 12.511452 -86.625565 172.180954 -18413.384766 19114.878906 -1075.161255 -10682.495117
8.140135 -0.356959 1.545817 1.320585 -49.415302 155.938675 89.988014 -11847.089844 37384.71875 21574.03125 -0.463837 0.853453 12.505959 -87.199699 171.355347 -18393.982422 16953.910156 -5038.333008 -7785.360352
8.165137 -0.35699 1.545837 1.320559 -49.466988 156.101074 90.081627 -11870.978516 37461.917969 21618.777344 -0.463898 0.85253 12.509224 -87.062286 172.034256 -18412.697266 18997.322266 -1162.623413 -10601.702148
8.19014 -0.356998 1.545817 1.320518 -49.466881 156.101944 90.078392 -11871.27832 37462.691406 21618.214844 -0.465759 0.852107 12.506203 -87.196335 172.246536 -18413.375 18980.375 -1109.076172 -10661.113281
8.215141 -0.356991 1.545815 1.320514 -49.465675 156.105255 90.08287 -11871.202148 37463.222656 21618.746094 -0.464844 0.857079 12.513161 -87.035416 172.53331 -18412.708984 19045.427734 -1139.251709 -10673.152344
8.240143 -0.357004 1.545847 1.32053 -49.467583 156.107056 90.086617 -11871.389648 37463.164063 21619.371094 -0.464233 0.850495 12.507545 -86.459274 172.115402 -18413.501953 18983.400391 -1121.586304 -10668.378906
8.265144 -0.356992 1.545894 1.320541 -49.471653 156.109116 90.088348 -11872.714844 37463.433594 21619.845703 -0.463409 0.846247 12.510292 -86.619934 171.764542 -18413.443359 19049.736328 -1023.722473 -10653.337891
8.290146 -0.357021 1.545907 1.320606 -49.466961 156.109482 90.092041 -11870.993164 37464.015625 21619.966797 -0.466431 0.8454 12.507385 -86.557541 172.205475 -18413.15625 19005.617188 -1232.868774 -10647.186523
8.315146 -0.357039 1.545895 1.320558 -49.470825 156.117722 90.09771 -11872.542969 37467.820313 21623.775391 -0.468445 0.851684 12.515388 -86.702133 172.582642 -18413.173828 19088.664063 -1104.265991 -10738.774414
8.340148 -0.357053 1.545882 1.320511 -49.47583 156.120255 90.096512 -11873.798828 37468.414063 21623.478516 -0.469574 0.844935 12.509071 -87.277382 172.045715 -18414.050781 18945.691406 -947.529236 -10701.363281
8.365149 -0.357019 1.545881 1.320542 -49.467197 156.106903 90.100441 -11871.506836 37462.175781 21621.648438 -0.466217 0.842743 12.507591 -87.042458 171.889145 -18413.230469 19026.253906 -1061.705688 -10605.328125
8.390182 -0.356988 1.545853 1.320512 -49.373867 155.833237 89.938881 -11828.111328 37330.773438 21545.589844 -0.466186 0.846834 12.505508 -86.664391 171.992691 -18380.695313 13467.166992 -6962.161621 -3806.159668
8.415184 -0.356998 1.545883 1.320557 -49.465347 156.111649 90.101624 -11870.880859 37464.285156 21622.535156 -0.468353 0.851929 12.509933 -86.666397 172.451355 -18413.431641 19086.376953 -1095.252686 -10729.679688
8.440186 -0.356992 1.545889 1.320536 -49.461597 156.109467 90.093987 -11870.21875 37464.128906 21621.681641 -0.464661 0.846281 12.503761 -86.137123 172.030167 -18414.130859 19069.919922 -995.923706 -10713.535156
8.465199 -0.356994 1.54586 1.320537 -49.460457 156.117233 90.095352 -11870.287109 37467.917969 21622.494141 -0.463135 0.844874 12.505997 -86.409233 172.226028 -18414.814453 19124.900391 -765.453979 -10843.71875
8.490201 -0.357 1.545855 1.320545 -49.461311 156.116592 90.094032 -11870.424805 37467.433594 21622.095703 -0.466858 0.846247 12.506973 -86.295647 172.376099 -18414.009766 19085.066406 -1049.661133 -10779.374023
8.515202 -0.356976 1.545822 1.32047 -49.458694 156.098511 90.079613 -11869.322266 37460.613281 21618.158203 -0.464813 0.85141 12.514305 -85.79142 172.230835 -18411.923828 19123.916016 -1422.555298 -10569.342773
8.540202 -0.356982 1.545822 1.320509 -49.463451 156.109192 90.087265 -11870.947266 37465.574219 21620.03125 -0.467072 0.844273 12.507927 -86.145767 171.504852 -18413.822266 19045.392578 -1128.587891 -10623.556641
