0.008334 0.132559 -1.355733 -0.755396 0.0 0.0 0.0 0.0 0.0 0.0 -0.098696 -0.410367 153.434311 -11.842838 -49.241043 18411.105469 -1421.064819 -5908.599609 6132.262207
0.210502 0.1326 -1.355738 -0.755309 -11.110548 113.63166 63.313976 -931.237793 9524.111328 5306.702148 -0.104464 -0.407457 153.437698 -0.481619 0.243875 0.282934 -2971.297607 3273.824707 -4877.772949
0.236509 0.132684 -1.355846 -0.755291 -15.911066 162.67955 90.632111 -576.030273 5885.420898 3277.994629 -0.109523 -0.410987 153.436829 -0.607673 -0.423721 -0.106117 -14.924392 -79.712082 -47.35714
0.261511 0.132707 -1.355788 -0.755481 -15.920636 162.686325 90.626503 -1.148307 0.812912 -0.67285 -0.095099 -0.413321 153.435242 1.729145 -0.279465 -0.191604 280.316376 17.416996 -10.073295
0.286513 0.132636 -1.355749 -0.755446 -15.923929 162.685593 90.65274 -0.395143 -0.087886 3.148326 -0.098327 -0.410512 153.436478 -0.386446 0.337666 0.145466 -253.668671 75.238045 38.194828
0.311514 0.132606 -1.355856 -0.755252 -15.91545 162.680939 90.648567 1.017438 -0.558441 -0.500766 -0.109654 -0.417596 153.432297 -1.362717 -0.849082 -0.505595 -116.678612 -141.868073 -79.089912
0.336516 0.132675 -1.355821 -0.7552 -15.911214 162.687454 90.621796 0.508299 0.781787 -3.212284 -0.112035 -0.408204 153.439133 -0.279742 1.125236 0.821981 132.356461 233.011627 164.946777
0.361527 0.13265 -1.355763 -0.755307 -15.920785 162.695816 90.62252 -1.14851 1.003401 0.086974 -0.103802 -0.404099 153.44046 0.989259 0.492585 0.160269 153.836838 -75.518791 -79.775742
0.386528 0.132605 -1.355751 -0.755315 -15.917697 162.688858 90.635338 0.370553 -0.834947 1.53806 -0.10282 -0.410481 153.439255 0.116674 -0.765515 -0.148151 -104.417328 -151.584183 -34.402988
0.411529 0.132645 -1.355748 -0.755234 -15.911736 162.681137 90.632835 0.715216 -0.926463 -0.300276 -0.098971 -0.423235 153.434799 0.457876 -1.529332 -0.537694 40.316402 -91.74926 -46.543358
0.436535 0.132632 -1.355721 -0.755209 -15.916484 162.680756 90.623077 -0.569655 -0.045774 -1.170895 -0.108699 -0.408511 153.440201 -1.162497 1.765369 0.647317 -190.712585 396.426239 139.194794
0.461536 0.132778 -1.355658 -0.755243 -15.915623 162.683868 90.623611 0.103338 0.373529 0.064086 -0.10141 -0.416824 153.439178 0.873589 -0.997464 -0.124644 247.330933 -329.565643 -99.43869
0.486536 0.132773 -1.355641 -0.755379 -15.93311 162.676315 90.62764 -2.098469 -0.906357 0.48339 -0.094729 -0.412395 153.438828 0.801322 0.531926 -0.041359 -8.535188 183.653915 7.197217
0.511537 0.132864 -1.355652 -0.755487 -15.931213 162.661682 90.636955 0.227602 -1.755817 1.117754 -0.094366 -0.415757 153.445816 0.049931 -0.405675 0.836755 -91.137932 -111.009941 106.938164
0.536538 0.132611 -1.355703 -0.755628 -15.942823 162.669189 90.653397 -1.393127 0.900829 1.972852 -0.096298 -0.404015 153.43576 -0.240652 1.410492 -1.207672 -36.604641 217.682999 -245.556305
0.561539 0.132671 -1.355733 -0.755535 -15.913087 162.681671 90.673897 3.568324 1.497778 2.459981 -0.096278 -0.411617 153.434341 0.001052 -0.912225 -0.173347 25.965628 -279.212158 123.03109
0.58654 0.132709 -1.35577 -0.755392 -15.919599 162.678955 90.65918 -0.781359 -0.32591 -1.765954 -0.095058 -0.429295 153.430267 0.14308 -2.121066 -0.494022 16.42959 -145.054535 -38.458382
0.611549 0.132664 -1.355744 -0.75545 -15.90834 162.520782 90.551476 1.34955 -18.960693 -12.910868 -0.094596 -0.418148 153.433914 0.058813 1.335395 0.439474 -5.981427 414.581482 111.038811
0.636551 0.132729 -1.355695 -0.755378 -15.918791 162.680298 90.648987 -1.253974 19.140785 11.700707 -0.092131 -0.41244 153.443802 0.305057 0.681888 1.186763 27.457989 -78.310608 89.749611
0.661553 0.132809 -1.355641 -0.755462 -15.92722 162.680679 90.643784 -1.011526 0.045776 -0.624379 -0.085653 -0.418698 153.445251 0.778232 -0.750762 0.170641 58.225746 -172.548965 -121.043213
0.686554 0.132846 -1.355585 -0.755606 -15.936858 162.674225 90.653976 -1.156521 -0.774523 1.223124 -0.081778 -0.415835 153.443298 0.463237 0.344236 -0.236651 -38.453815 130.718643 -50.66254
0.711555 0.132652 -1.355623 -0.755559 -15.940042 162.654984 90.664192 -0.382082 -2.308743 1.225776 -0.087786 -0.421325 153.435013 -0.72801 -0.657276 -0.997557 -142.391235 -120.900215 -90.333588
0.736556 0.132759 -1.35559 -0.755524 -15.917385 162.665817 90.662048 2.718738 1.299977 -0.257249 -0.088425 -0.417579 153.441879 -0.07051 0.448309 0.823673 81.374077 129.835037 220.23645
0.761558 0.132783 -1.355612 -0.755454 -15.930154 162.661911 90.657852 -1.532165 -0.468724 -0.503512 -0.088495 -0.41622 153.443665 -0.007046 0.163096 0.213295 8.187967 -34.129673 -73.284004
0.78656 0.132805 -1.355649 -0.755491 -15.933083 162.664551 90.649513 -0.351429 0.316755 -1.000616 -0.086496 -0.421722 153.442093 0.238585 -0.66058 -0.190153 29.611885 -98.82795 -48.425087
0.811562 0.132784 -1.355648 -0.755454 -15.935756 162.668976 90.653923 -0.32076 0.530977 0.529146 -0.087419 -0.426933 153.432739 -0.118821 -0.623699 -1.124865 -44.175575 3.947086 -112.170021
0.836562 0.132774 -1.355649 -0.75548 -15.933862 162.67511 90.653023 0.227276 0.736072 -0.10803 -0.094722 -0.415895 153.445343 -0.865034 1.32203 1.511891 -86.105965 232.746872 316.986694
0.861563 0.132608 -1.355639 -0.755579 -15.932624 162.675171 90.656097 0.148542 0.007324 0.368951 -0.092566 -0.411042 153.441757 0.255637 0.582742 -0.428235 139.797501 -85.097557 -234.129272
0.886564 0.132628 -1.355662 -0.755607 -15.912687 162.673889 90.667931 2.392347 -0.153806 1.419959 -0.090688 -0.415447 153.435959 0.220457 -0.527828 -0.701184 -3.893836 -133.410172 -32.163097
0.911565 0.132634 -1.355763 -0.755413 -15.915126 162.676773 90.671394 -0.292621 0.346064 0.415643 -0.099702 -0.428173 153.432083 -1.084989 -1.526932 -0.466442 -156.395187 -119.781776 28.623943
0.936566 0.132825 -1.355688 -0.755341 -15.915175 162.682571 90.644493 -0.005951 0.695762 -3.227971 -0.103925 -0.422234 153.439499 -0.500171 0.711393 0.888396 74.569717 265.403717 167.739792
0.961568 0.132659 -1.355668 -0.755405 -15.938141 162.673615 90.635994 -2.7557 -1.07477 -1.019841 -0.102661 -0.416239 153.438217 0.150416 0.719589 -0.155712 79.611748 2.091562 -125.26268
0.986569 0.132588 -1.355727 -0.755424 -15.918859 162.677429 90.647148 2.313728 0.457756 1.338479 -0.10213 -0.424514 153.434341 0.060526 -0.992547 -0.467182 -10.324817 -205.548141 -36.847187
1.01157 0.132654 -1.355694 -0.755369 -15.909633 162.678253 90.645912 1.107155 0.098871 -0.148307 -0.104308 -0.422254 153.438126 -0.257889 0.27046 0.453631 -36.294201 151.653763 110.356834
1.036572 0.132771 -1.355754 -0.755302 -15.917053 162.668121 90.635826 -0.890382 -1.215707 -1.210214 -0.109377 -0.424614 153.439392 -0.607026 -0.283563 0.150809 -41.719955 -66.311119 -36.635342
1.061573 0.132848 -1.355773 -0.755281 -15.932254 162.68782 90.634743 -1.824044 2.363853 -0.130003 -0.107257 -0.419466 153.440033 0.255113 0.617166 0.07685 103.419983 108.173653 -7.729846
1.086574 0.132698 -1.355863 -0.75527 -15.940832 162.683701 90.628723 -1.029339 -0.494357 -0.722311 -0.113711 -0.426876 153.435455 -0.778188 -0.888422 -0.553984 -123.182404 -180.992157 -74.907623
1.111575 0.132715 -1.35583 -0.755296 -15.923491 162.700928 90.630875 2.080959 2.067227 0.258174 -0.115685 -0.41621 153.437408 -0.23486 1.27859 0.235206 66.724922 258.715363 98.269539
1.136576 0.132587 -1.35587 -0.755266 -15.924283 162.684341 90.627045 -0.095091 -1.99017 -0.459552 -0.121241 -0.406453 153.433441 -0.669952 1.17195 -0.474574 -50.307896 -12.43333 -85.199631
1.161577 0.132654 -1.355811 -0.755346 -15.9096 162.695496 90.626945 1.761836 1.338427 -0.011901 -0.116084 -0.404878 153.435349 0.620435 0.188503 0.228261 153.118683 -118.973167 82.962013
1.18658 0.132757 -1.355849 -0.755308 -15.914552 162.657028 90.619041 -0.59403 -4.614944 -0.948251 -0.112097 -0.417735 153.438629 0.481031 -1.542967 0.388761 -16.821314 -207.504028 21.505869
1.211582 0.132706 -1.355831 -0.755343 -15.930635 162.699203 90.635437 -1.930014 5.060952 1.967436 -0.114471 -0.414122 153.431442 -0.291102 0.435212 -0.864082 -96.724823 236.061371 -152.411438
1.236588 0.132662 -1.355853 -0.755279 -15.923831 162.690735 90.636101 0.816491 -1.016179 0.079646 -0.122117 -0.410166 153.436996 -0.912645 0.473716 0.664646 -75.986626 3.707767 183.452148
1.261589 0.132789 -1.355851 -0.755237 -15.918615 162.69339 90.628441 0.625843 0.318586 -0.919139 -0.115919 -0.417887 153.435303 0.74208 -0.925303 -0.206174 199.43956 -166.180771 -107.170784
1.286591 0.13268 -1.355884 -0.755231 -15.934441 162.699463 90.626923 -1.899001 0.728748 -0.182187 -0.118936 -0.422862 153.429688 -0.366909 -0.595856 -0.676367 -133.986115 38.794559 -56.927319
1.311592 0.132662 -1.355889 -0.755003 -15.920686 162.697021 90.622719 1.65049 -0.292953 -0.504428 -0.125106 -0.422065 153.42836 -0.741283 0.095891 -0.161462 -44.278408 82.605194 62.319805
1.336594 0.132688 -1.355875 -0.754987 -15.918558 162.697647 90.595291 0.255304 0.075069 -3.291139 -0.133309 -0.415407 153.434555 -0.978638 0.797449 0.747603 -28.668306 82.765007 110.159225
1.361595 0.132832 -1.355813 -0.755143 -15.921655 162.69606 90.593422 -0.371569 -0.190419 -0.224292 -0.124282 -0.417749 153.435989 1.08481 -0.282754 0.169835 248.579651 -128.408142 -71.54351
1.386596 0.132783 -1.355813 -0.755223 -15.939576 162.694748 90.615669 -2.150537 -0.157468 2.669633 -0.119845 -0.421913 153.433517 0.530637 -0.499961 -0.299586 -66.774261 -27.127413 -55.82431
1.411597 0.132734 -1.355794 -0.755123 -15.933105 162.688568 90.621696 0.776439 -0.741536 0.723227 -0.126348 -0.415943 153.429504 -0.7838 0.71795 -0.480723 -157.92746 145.932281 -23.091118
1.436599 0.13266 -1.355772 -0.755145 -15.927248 162.68631 90.609772 0.702857 -0.270981 -1.430891 -0.122787 -0.404394 153.431152 0.428752 1.385086 0.19961 144.474884 78.934341 82.704681
1.461599 0.132745 -1.355795 -0.75514 -15.918906 162.68988 90.615852 1.000998 0.42846 0.729663 -0.127637 -0.411106 153.434052 -0.579383 -0.806495 0.344065 -121.430878 -262.846893 19.313612
1.4866 0.132583 -1.355748 -0.755366 -15.92909 162.692703 90.615326 -1.22198 0.33874 -0.06317 -0.116654 -0.416813 153.430649 1.315407 -0.685193 -0.410075 226.091431 15.461927 -90.337288
1.511601 0.132673 -1.35577 -0.755336 -15.909042 162.680771 90.638893 2.405529 -1.431805 2.827907 -0.126895 -0.408289 153.43364 -1.225954 1.021193 0.359294 -303.89917 206.812958 87.619835
1.536603 0.132648 -1.355785 -0.755202 -15.919829 162.683334 90.635254 -1.29437 0.3076 -0.436682 -0.134325 -0.405646 153.433167 -0.891805 0.317176 -0.057391 40.993656 -83.384613 -51.798313
1.561604 0.132665 -1.355806 -0.755216 -15.91694 162.685226 90.619217 0.346737 0.227038 -1.924333 -0.129603 -0.409967 153.430115 0.564163 -0.517973 -0.366782 174.921844 -99.622116 -38.682659
1.586606 0.132673 -1.355811 -0.755226 -15.919493 162.694 90.624374 -0.306353 1.052839 0.618886 -0.127159 -0.42245 153.430008 0.293204 -1.498246 -0.016219 -32.14278 -117.211487 43.214931
1.611607 0.132744 -1.355841 -0.755182 -15.920515 162.694519 90.625534 -0.122679 0.062255 0.139158 -0.127708 -0.4183 153.429749 -0.065892 0.497503 -0.030943 -43.158318 239.472488 -2.993788
1.636608 0.132721 -1.355867 -0.755096 -15.927824 162.68576 90.613365 -0.876993 -1.050927 -1.46013 -0.132689 -0.41092 153.434525 -0.593508 0.88429 0.573439 -63.938011 46.330582 72.565369
1.661608 0.13271 -1.355859 -0.755153 -15.926257 162.701233 90.60997 0.188023 1.856658 -0.407403 -0.125907 -0.416951 153.432053 0.811438 -0.722895 -0.29879 170.225967 -191.750748 -106.690834
1.686622 0.132771 -1.355816 -0.755226 -15.92496 162.700302 90.616798 0.155637 -0.111692 0.819383 -0.114444 -0.431506 153.427933 1.37193 -1.745767 -0.499931 66.938347 -123.071632 -22.388266
1.711623 0.132849 -1.355907 -0.755127 -15.932217 162.695282 90.625626 -0.870767 -0.602407 1.059248 -0.126931 -0.423099 153.437347 -1.490093 1.0073 1.129927 -337.601563 334.86853 187.808502
1.736624 0.132852 -1.355891 -0.755108 -15.941607 162.706055 90.613747 -1.126881 1.292703 -1.425452 -0.13437 -0.417174 153.439896 -0.890276 0.710601 0.307102 73.696182 -33.010563 -99.623001
1.761625 0.132852 -1.355895 -0.7551 -15.94193 162.704285 90.611504 -0.03868 -0.212399 -0.269161 -0.130309 -0.421796 153.434143 0.482353 -0.553236 -0.692794 166.21019 -149.762253 -122.350891
1.786626 0.132913 -1.355872 -0.755113 -15.94137 162.698364 90.60701 0.067173 -0.71041 -0.539216 -0.127572 -0.423461 153.441513 0.334952 -0.201616 0.879811 -15.844647 43.753952 188.343002
1.811626 0.132793 -1.35591 -0.755121 -15.949338 162.70195 90.612045 -0.956138 0.430291 0.604238 -0.128765 -0.425466 153.433517 -0.15027 -0.238506 -0.961604 -58.982346 -5.730707 -220.934586
1.836628 0.132765 -1.355879 -0.755163 -15.934297 162.700134 90.609459 1.804862 -0.217883 -0.310347 -0.12907 -0.4165 153.434082 -0.036136 1.076105 0.066588 14.210748 157.416214 123.800148
1.861629 0.13286 -1.355889 -0.755183 -15.930309 162.690201 90.611107 0.478433 -1.191905 0.197735 -0.130636 -0.42138 153.436523 -0.185632 -0.586795 0.292176 -18.44453 -199.543823 26.952152
1.88663 0.132746 -1.355892 -0.755199 -15.942339 162.697723 90.616959 -1.443478 0.90266 0.702171 -0.130103 -0.430365 153.431595 0.059948 -1.077745 -0.596043 28.374531 -58.573574 -106.755737
1.911634 0.13274 -1.355867 -0.755434 -15.928584 162.698059 90.618805 1.65049 0.040281 0.221545 -0.122279 -0.425904 153.430588 0.938118 0.535184 -0.124334 106.437027 193.594803 56.419231
1.936635 0.132767 -1.355894 -0.755218 -15.928548 162.701279 90.650543 0.004349 0.386346 3.808529 -0.137444 -0.419412 153.435059 -1.815848 0.777809 0.539405 -331.207916 30.419781 79.153328
1.961637 0.132804 -1.355881 -0.755139 -15.931131 162.698395 90.621147 -0.310003 -0.34605 -3.527333 -0.134364 -0.414949 153.433334 0.368112 0.536004 -0.208158 263.261505 -26.151083 -90.573555
1.986638 0.132814 -1.355892 -0.755049 -15.935652 162.696686 90.61171 -0.54242 -0.205067 -1.132445 -0.132333 -0.427968 153.433273 0.243758 -1.562114 -0.010477 -15.172992 -251.601212 25.345211
2.011643 0.132983 -1.355839 -0.755286 -15.928242 162.610474 90.552032 0.888678 -10.339317 -7.157003 -0.121499 -0.42962 153.438492 1.303888 -0.199869 0.624368 129.209564 163.683044 75.461441
2.036653 0.133012 -1.355856 -0.755105 -15.957058 162.69162 90.629318 -3.457755 9.73701 9.273778 -0.134094 -0.415851 153.44873 -1.502264 1.649809 1.23021 -336.539795 223.543793 67.634018
2.061655 0.133013 -1.355809 -0.755077 -15.959896 162.6875 90.604156 -0.340544 -0.494338 -3.019126 -0.127159 -0.412402 153.447876 0.831417 0.413871 -0.101804 284.608398 -144.003204 -163.690659
2.086656 0.133115 -1.355872 -0.755 -15.960673 162.688187 90.604309 -0.093264 0.082393 0.01831 -0.126983 -0.424594 153.447372 0.020541 -1.462946 -0.065773 -97.384415 -225.118317 7.59285
2.111657 0.132961 -1.355935 -0.754969 -15.971714 162.683121 90.587959 -1.324707 -0.60783 -1.961716 -0.12847 -0.427632 153.43811 -0.186569 -0.362225 -1.112486 -28.056698 131.995056 -125.656845
2.136658 0.133048 -1.35587 -0.755056 -15.954497 162.703308 90.591347 2.065888 2.422352 0.406472 -0.127103 -0.415822 153.445297 0.170343 1.415411 0.862828 44.323334 212.505005 237.759354
2.161659 0.133123 -1.355871 -0.755047 -15.965524 162.701691 90.605202 -1.323143 -0.194089 1.66257 -0.12452 -0.419522 153.44191 0.306661 -0.442589 -0.409405 20.124722 -223.367172 -152.07753
2.18666 0.133099 -1.355711 -0.75528 -15.973887 162.695511 90.600662 -1.003591 -0.741536 -0.544709 -0.110219 -0.423057 153.444382 1.718249 -0.425361 0.29397 170.035965 2.514463 84.385719
2.211673 0.132948 -1.355852 -0.755099 -15.970374 162.67009 90.625168 0.421561 -3.050252 2.940399 -0.11977 -0.424588 153.43631 -1.153135 -0.181939 -0.969303 -345.610474 24.637196 -152.386322
2.236674 0.132907 -1.355777 -0.755243 -15.95291 162.693314 90.606903 2.095527 2.786712 -2.191652 -0.118205 -0.415659 153.442261 0.193215 1.069549 0.716121 162.166748 146.061035 205.23288
2.261676 0.132877 -1.355757 -0.755188 -15.94737 162.677948 90.620651 0.664839 -1.843699 1.649626 -0.11288 -0.410803 153.437347 0.634607 0.584336 -0.590865 55.894417 -58.713898 -156.624039
2.286677 0.132882 -1.355811 -0.755158 -15.944399 162.681778 90.617493 0.356464 0.459569 -0.379007 -0.118749 -0.412194 153.437943 -0.703794 -0.167194 0.071517 -161.411179 -89.288025 80.481804
2.311678 0.132825 -1.355836 -0.755108 -15.94558 162.694641 90.617439 -0.14179 1.543554 -0.006409 -0.121284 -0.407979 153.439392 -0.303151 0.505699 0.173951 48.117813 80.58889 13.283205
2.336679 0.132898 -1.355788 -0.755151 -15.9381 162.691315 90.607895 0.897625 -0.399148 -1.145261 -0.120594 -0.41338 153.441559 0.084364 -0.648286 0.254885 46.420914 -138.519211 8.97998
2.362369 0.132976 -1.355704 -0.755395 -15.947534 162.691772 90.616547 -1.13203 0.054931 1.03819 -0.109725 -0.41461 153.44072 1.303358 -0.14671 -0.100621 145.793884 60.123222 -42.750004
2.38737 0.132884 -1.35575 -0.755377 -15.956289 162.675522 90.642448 -1.050624 -1.949966 3.108045 -0.116591 -0.412799 153.437866 -0.826505 0.218827 -0.342597 -255.645538 43.190102 -30.026031
2.41237 0.132707 -1.355784 -0.755456 -15.94584 162.687195 90.64373 1.253908 1.400733 0.153806 -0.116734 -0.416668 153.430817 -0.02337 -0.462259 -0.849319 96.609688 -80.842117 -61.980518
2.437371 0.132842 -1.355805 -0.755299 -15.92452 162.691391 90.653236 2.558285 0.503532 1.140728 -0.126416 -0.411927 153.437714 -1.15542 0.56635 0.826118 -134.222351 123.324951 201.121979
2.462378 0.132869 -1.355885 -0.755291 -15.940119 162.687607 90.630821 -1.871692 -0.454076 -2.68967 -0.125875 -0.417392 153.435791 0.063279 -0.655662 -0.235427 147.501572 -144.022675 -130.329529
2.487379 0.132925 -1.355874 -0.755225 -15.943979 162.70343 90.633446 -0.463249 1.898772 0.314936 -0.126999 -0.421893 153.43425 -0.136257 -0.540122 -0.187275 -23.877825 13.871059 5.7625
2.51238 0.132994 -1.355888 -0.755248 -15.950092 162.695908 90.621979 -0.733526 -0.90266 -1.375961 -0.128176 -0.42308 153.440323 -0.135704 -0.144246 0.728606 1.100707 47.232235 110.014511
2.537391 0.132995 -1.355777 -0.755292 -15.939955 162.509918 90.520241 1.215037 -22.29175 -12.193802 -0.121167 -0.407881 153.443695 0.843141 1.820638 0.405744 117.231216 235.590836 -38.141697
2.562397 0.132972 -1.355678 -0.755459 -15.95794 162.677979 90.626549 -2.158039 20.165344 12.755762 -0.110343 -0.411654 153.440933 1.296622 -0.452389 -0.333803 57.16206 -273.996307 -84.779854
2.587398 0.132945 -1.355688 -0.755292 -15.956346 162.678711 90.653595 0.191342 0.087889 3.245491 -0.113793 -0.410882 153.43895 -0.415691 0.093435 -0.242402 -205.39444 65.729378 9.483394
2.612399 0.132873 -1.355716 -0.755189 -15.953113 162.679825 90.633469 0.387948 0.133665 -2.41512 -0.114553 -0.420729 153.434174 -0.09544 -1.180237 -0.574947 38.505985 -152.543945 -41.014107
2.6374 0.133 -1.355717 -0.755121 -15.943866 162.676956 90.617683 1.109558 -0.344219 -1.894122 -0.123262 -0.413323 153.44693 -1.033723 0.885963 1.52988 -107.38369 247.413284 253.111816
2.662401 0.133062 -1.355618 -0.755267 -15.959696 162.68335 90.613045 -1.899574 0.767199 -0.556631 -0.111655 -0.415429 153.446136 1.391938 -0.25244 -0.094281 294.061615 -133.025848 -197.363876
2.687414 0.132972 -1.355707 -0.755086 -15.942608 162.421341 90.491211 2.047366 -31.392178 -14.597335 -0.122595 -0.414276 153.445618 -1.311138 0.138301 -0.063026 -323.852356 46.892208 2.606432
2.712415 0.13295 -1.355801 -0.755125 -15.956324 162.682129 90.608887 -1.645862 31.294041 14.120861 -0.125109 -0.423727 153.438187 -0.307803 -1.1327 -0.893144 120.659637 -150.195831 -103.081413
2.737415 0.132966 -1.355737 -0.755241 -15.953689 162.693329 90.613419 0.316195 1.343971 0.543814 -0.125092 -0.41382 153.448547 0.011418 1.185154 1.242733 43.379692 276.661407 257.945557
2.762429 0.132919 -1.355803 -0.755277 -15.932349 162.448074 90.495064 2.556947 -29.38706 -14.181592 -0.119849 -0.418395 153.441071 0.621738 -0.546699 -0.897618 78.436119 -207.466553 -256.526703
2.787429 0.132905 -1.355684 -0.755574 -15.94996 162.693619 90.631721 -2.113231 29.464848 16.398655 -0.107297 -0.421459 153.436127 1.502103 -0.367185 -0.594462 105.989914 21.933561 36.14167
2.81243 0.132855 -1.355755 -0.755593 -15.948367 162.679367 90.667297 0.191113 -1.710176 4.269032 -0.107569 -0.423678 153.429504 -0.038455 -0.264734 -0.800142 -185.021149 11.642543 -24.99482
2.837438 0.13288 -1.355862 -0.755251 -15.926357 162.525223 90.579056 2.638498 -18.478514 -10.578227 -0.119836 -0.415333 153.436859 -1.46405 0.998923 0.880297 -169.96756 151.335251 201.567764
2.862439 0.132866 -1.355842 -0.755335 -15.945334 162.700745 90.628586 -2.277221 21.062265 5.943503 -0.116567 -0.41449 153.435425 0.391154 0.100812 -0.172935 224.814819 -104.487015 -129.112488
2.887472 0.132815 -1.355849 -0.755232 -15.88251 162.074539 90.291115 7.509878 -74.85527 -40.340569 -0.115302 -0.414798 153.433289 0.149432 -0.036741 -0.25433 -28.877932 -16.509764 -9.617333
2.912472 0.132866 -1.355836 -0.755105 -15.937573 162.699173 90.62635 -6.607481 74.954819 40.227608 -0.113029 -0.418582 153.428848 0.268779 -0.453244 -0.536238 14.299521 -50.068287 -33.697857
2.937473 0.132729 -1.355781 -0.755178 -15.942983 162.691345 90.60762 -0.649073 -0.939279 -2.247495 -0.116795 -0.404875 153.437103 -0.444818 1.643252 0.990201 -84.187447 252.40274 182.027725
2.96248 0.132871 -1.355759 -0.755158 -15.927271 162.691086 90.619835 1.885383 -0.031127 1.465735 -0.114197 -0.419402 153.434586 0.309635 -1.742489 -0.306573 95.081589 -405.010712 -158.962204
2.987495 0.132821 -1.355754 -0.755222 -15.943066 162.675766 90.610474 -1.895193 -1.838207 -1.123247 -0.1108 -0.422303 153.432175 0.405414 -0.347487 -0.294227 11.526398 167.388947 0.577017
3.012496 0.132711 -1.355764 -0.75522 -15.938248 162.68782 90.62516 0.578146 1.446509 1.762361 -0.110067 -0.427285 153.427856 0.084236 -0.597495 -0.519431 -38.704689 -30.191942 -26.809845
3.037498 0.132824 -1.355766 -0.755267 -15.923837 162.676392 90.617882 1.729155 -1.371331 -0.873331 -0.115908 -0.42117 153.43927 -0.690391 0.731035 1.368195 -90.581673 159.702423 226.301819
3.062499 0.132817 -1.355816 -0.755241 -15.938002 162.682877 90.626968 -1.699697 0.778155 1.090333 -0.115373 -0.418414 153.437103 0.062149 0.331929 -0.260214 92.760902 -45.497192 -195.961929
3.087499 0.132893 -1.3558 -0.755316 -15.937822 162.695282 90.627464 0.021515 1.488623 0.059508 -0.108728 -0.42198 153.434372 0.794695 -0.427016 -0.330327 87.952194 -91.080704 -8.315108
3.112504 0.132819 -1.355828 -0.755356 -15.940113 162.624405 90.597992 -0.274766 -8.501506 -3.535126 -0.105838 -0.424034 153.435822 0.348065 -0.247417 0.172244 -53.119602 22.374043 59.977135
3.137505 0.132842 -1.355815 -0.755307 -15.938064 162.696594 90.641182 0.245929 8.662573 5.182713 -0.111947 -0.414795 153.440201 -0.728953 1.107291 0.527974 -129.066467 162.817749 41.702427
3.162506 0.133014 -1.355812 -0.755066 -15.940127 162.688782 90.631874 -0.247636 -0.937448 -1.116881 -0.113054 -0.431096 153.441391 -0.131474 -1.956331 0.139347 72.718704 -366.98703 -51.349621
3.187507 0.13292 -1.355827 -0.75521 -15.96144 162.694809 90.606377 -2.557483 0.723255 -3.059642 -0.107085 -0.426102 153.44017 0.715154 0.599954 -0.146064 100.43885 306.823151 -33.576557
3.212508 0.132888 -1.355871 -0.755136 -15.949547 162.690277 90.620132 1.427114 -0.543793 1.650604 -0.110811 -0.426555 153.441956 -0.4456 -0.054912 0.209199 -139.732941 -78.040154 43.609432
3.237509 0.132969 -1.355815 -0.755234 -15.946318 162.701859 90.614876 0.387491 1.389748 -0.630788 -0.107628 -0.426171 153.448196 0.38775 0.044259 0.74769 100.059883 11.397485 64.708488
3.262509 0.132952 -1.355829 -0.755261 -15.955995 162.695038 90.626595 -1.161212 -0.818468 1.406226 -0.109602 -0.417226 153.451431 -0.233872 1.072868 0.389911 -74.566666 123.138016 -43.766548
3.28751 0.133041 -1.355646 -0.75558 -15.953407 162.690582 90.626389 0.310461 -0.534639 -0.024718 -0.088072 -0.432573 153.448349 2.580756 -1.840771 -0.374073 339.489288 -349.228577 -93.171638
3.312521 0.132979 -1.355826 -0.75554 -15.96466 162.67485 90.66806 -1.350266 -1.887786 5.000528 -0.102121 -0.441329 153.446625 -1.687497 -1.050739 -0.210716 -511.581207 95.587738 15.312309
3.337528 0.132994 -1.355894 -0.755132 -15.957196 162.696503 90.663254 0.8956 2.598224 -0.576773 -0.1205 -0.432026 153.444016 -2.20796 1.116308 -0.313475 -62.535831 260.291473 -4.670675
3.362532 0.132963 -1.355952 -0.754988 -15.959021 162.704514 90.61425 -0.218922 0.961287 -5.880332 -0.128806 -0.431659 153.442841 -0.997552 0.044259 -0.142 144.891251 -129.340012 15.608165
3.387855 0.132969 -1.355932 -0.754998 -15.693712 160.043808 89.111725 31.314508 -314.044678 -177.343964 -0.122937 -0.427106 153.444931 0.694849 0.536104 0.246918 199.721222 57.24461 46.907616
3.412857 0.132949 -1.355875 -0.755054 -15.954788 162.696655 90.591309 -31.326193 318.311951 177.533478 -0.117939 -0.431565 153.443497 0.59849 -0.535164 -0.174382 -11.101392 -129.142441 -48.995163
3.437867 0.132917 -1.35588 -0.754987 -15.952992 162.696014 90.601501 0.21548 -0.0769 1.223077 -0.119456 -0.429612 153.439407 -0.18558 0.235219 -0.489496 -94.441803 92.039391 -38.778267
3.462883 0.132998 -1.355842 -0.755079 -15.9491 162.696625 90.593468 0.467122 0.073238 -0.963997 -0.11474 -0.427588 153.440735 0.567094 0.241775 0.158393 89.995354 0.537643 77.743835
3.487883 0.132902 -1.355831 -0.755209 -15.958889 162.692154 90.604546 -1.174672 -0.53647 1.329273 -0.108897 -0.427505 153.441635 0.701858 0.009835 0.10757 16.19594 -27.889408 -5.822747
3.512884 0.132783 -1.35576 -0.755305 -15.946748 162.684418 90.616638 1.456811 -0.928258 1.450975 -0.106463 -0.429268 153.432129 0.283936 -0.210623 -1.140197 -50.101006 -28.284985 -149.382965
3.537885 0.13279 -1.355665 -0.755276 -15.933725 162.688461 90.635056 1.562665 0.485222 2.210047 -0.106973 -0.418088 153.43924 -0.054642 1.340061 0.854027 -39.740757 187.247086 238.400543
3.562898 0.132796 -1.355722 -0.75531 -15.911833 162.445755 90.502739 2.623326 -29.082855 -15.855148 -0.109001 -0.418351 153.438019 -0.244062 -0.031919 -0.148956 -19.885521 -164.260788 -120.375977
3.587899 0.132818 -1.355839 -0.755284 -15.935199 162.683975 90.635696 -2.803871 28.585955 15.954633 -0.11187 -0.420723 153.438065 -0.34394 -0.285224 0.00513 -11.974651 -30.473068 18.360302
3.6129 0.13279 -1.35579 -0.755433 -15.93722 162.691711 90.62912 -0.242487 0.928293 -0.789141 -0.108817 -0.430802 153.433594 0.362254 -1.208057 -0.540133 84.416298 -110.340508 -66.085434
3.637901 0.132896 -1.355781 -0.755329 -15.933923 162.685928 90.647003 0.395601 -0.693932 2.145878 -0.110856 -0.427699 153.438004 -0.240636 0.371269 0.526982 -69.651451 190.287903 126.892082
3.66294 0.13284 -1.355811 -0.755267 -15.947226 162.690933 90.637894 -1.596309 0.600576 -1.093121 -0.112683 -0.418038 153.437576 -0.219763 1.159746 -0.050834 2.955252 94.908241 -68.931129
3.688003 0.132782 -1.355828 -0.755283 -15.939913 162.688354 90.62706 0.877485 -0.309431 -1.299977 -0.109933 -0.420117 153.437119 0.329775 -0.249971 -0.059016 65.968895 -169.15181 -1.630928
3.713014 0.132702 -1.35577 -0.755295 -15.933622 162.696701 90.632515 0.75484 1.00157 0.654591 -0.101404 -0.429446 153.434692 1.021508 -1.119586 -0.293093 82.879761 -104.511642 -27.485626
3.738015 0.132783 -1.355808 -0.755241 -15.922801 162.677109 90.62693 1.298439 -2.350854 -0.670103 -0.110903 -0.41797 153.43457 -1.139633 1.376017 -0.015685 -258.777008 299.989014 27.960804
3.763016 0.132777 -1.355813 -0.755193 -15.933668 162.694168 90.627411 -1.304032 2.047085 0.057677 -0.115503 -0.413192 153.437439 -0.549394 0.572907 0.344418 69.800659 -97.208061 41.288406
3.788018 0.132839 -1.355754 -0.755225 -15.932371 162.688614 90.618202 0.155631 -0.666467 -1.104981 -0.109113 -0.414863 153.435715 0.765276 -0.199977 -0.210233 158.420013 -92.09594 -67.44622
3.813018 0.132782 -1.355804 -0.755254 -15.939829 162.681488 90.621971 -0.894878 -0.855055 0.452245 -0.110271 -0.422888 153.436646 -0.138557 -0.963003 0.104301 -108.32888 -91.046844 38.959534
3.838019 0.132759 -1.355795 -0.755307 -15.933537 162.693817 90.628967 0.755069 1.479468 0.839525 -0.114258 -0.410594 153.438675 -0.476669 1.475296 0.245627 -40.272434 292.548828 17.676504
3.86302 0.132722 -1.355766 -0.755345 -15.93017 162.686356 90.631866 0.403954 -0.895336 0.347881 -0.110301 -0.409821 153.441193 0.477146 0.091793 0.301813 114.294556 -166.060287 5.362273
3.888021 0.132818 -1.355791 -0.755297 -15.925795 162.682861 90.636429 0.525026 -0.419288 0.547455 -0.107623 -0.419658 153.440399 0.32061 -1.180191 -0.097762 -18.719234 -153.022446 -46.675049
3.913022 0.132749 -1.355833 -0.755248 -15.937329 162.685944 90.630684 -1.384087 0.369853 -0.689354 -0.105774 -0.425076 153.437973 0.219726 -0.649925 -0.296288 -12.597469 63.492683 -24.176916
3.938023 0.132772 -1.355816 -0.755228 -15.92957 162.697235 90.628189 0.931076 1.354958 -0.299372 -0.111358 -0.419955 153.438721 -0.66945 0.614707 0.086849 -106.183571 151.925964 45.401745
3.963024 0.132739 -1.355876 -0.755164 -15.932395 162.69519 90.625862 -0.338968 -0.245357 -0.279231 -0.113015 -0.414998 153.439468 -0.198116 0.595036 0.090353 56.554642 -2.365391 0.392926
3.988025 0.13279 -1.355836 -0.755157 -15.927775 162.696152 90.61467 0.554321 0.11535 -1.343005 -0.113602 -0.414372 153.443024 -0.067392 0.073762 0.428024 15.265771 -62.687035 40.303379
4.013026 0.132787 -1.355894 -0.75512 -15.934475 162.697586 90.617302 -0.803934 0.172116 0.315852 -0.111836 -0.432511 153.437408 0.207166 -2.176061 -0.678874 33.122219 -269.815216 -133.149658
4.038027 0.132798 -1.355865 -0.755234 -15.934183 162.70459 90.612854 0.035018 0.84044 -0.533744 -0.111347 -0.420181 153.440155 0.060762 1.479395 0.331743 -13.001179 439.043335 119.890175
4.063028 0.132808 -1.35589 -0.755247 -15.935546 162.70105 90.626595 -0.163533 -0.424798 1.648837 -0.116006 -0.41525 153.441101 -0.558077 0.590938 0.113287 -73.583351 -106.638481 -26.102993
4.088029 0.132851 -1.355925 -0.755187 -15.936698 162.704071 90.628189 -0.138242 0.362543 0.191342 -0.113998 -0.414444 153.441498 0.241476 0.096714 0.044875 96.031868 -59.2225 -8.786825
4.11303 0.132792 -1.356009 -0.7551 -15.940606 162.695724 90.613968 -0.468935 -1.001493 -1.706383 -0.117682 -0.415053 153.446213 -0.438039 -0.073759 0.56303 -81.638046 -20.191969 62.258625
4.138031 0.132902 -1.355894 -0.755191 -15.934738 162.718369 90.610535 0.704143 2.71724 -0.411981 -0.11744 -0.408016 153.453796 0.03551 0.843378 0.9069 56.883827 109.735008 42.104694
4.163035 0.132835 -1.355838 -0.755377 -15.944303 162.666931 90.600449 -1.147443 -6.170955 -1.210027 -0.116832 -0.405681 153.448868 0.068536 0.28188 -0.591619 6.609366 -67.439857 -179.742386
4.188036 0.132977 -1.355837 -0.755303 -15.938673 162.685394 90.636833 0.675482 2.215369 4.365742 -0.112052 -0.409905 153.453033 0.577473 -0.508938 0.498673 60.423893 -94.727242 130.943436
4.213037 0.13285 -1.355797 -0.755327 -15.956926 162.697723 90.634796 -2.190362 1.479467 -0.244442 -0.110608 -0.41484 153.447876 0.168839 -0.590938 -0.619836 -50.21434 -11.204872 -134.105728
4.238039 0.132961 -1.355778 -0.755132 -15.940559 162.680435 90.63073 1.963852 -2.074391 -0.487931 -0.114627 -0.41183 153.448166 -0.481995 0.36142 0.032974 -77.286263 114.497971 78.002136
4.26304 0.133002 -1.35579 -0.755239 -15.954394 162.684296 90.610847 -1.660102 0.463231 -2.385732 -0.114457 -0.41324 153.447601 0.019895 -0.169652 -0.068435 60.302567 -63.621323 -12.704537
4.288041 0.132983 -1.355773 -0.7553 -15.959996 162.692184 90.627129 -0.672215 0.94664 1.953703 -0.106996 -0.411578 153.445358 0.893133 0.199985 -0.271278 104.714745 44.346592 -24.356476
4.313043 0.1329 -1.355818 -0.755388 -15.957037 162.683838 90.630989 0.355091 -1.001532 0.463231 -0.104238 -0.417345 153.438507 0.325228 -0.690904 -0.825946 -67.92067 -107.924438 -64.885269
4.338044 0.13286 -1.355851 -0.755298 -15.947168 162.689117 90.641548 1.184169 0.63351 1.26702 -0.109516 -0.409373 153.436829 -0.634753 0.956447 -0.20166 -114.301537 198.088547 73.80719
4.363046 0.132845 -1.355828 -0.755479 -15.942909 162.699402 90.634277 0.511085 1.234111 -0.872483 -0.110652 -0.414857 153.436386 -0.136795 -0.658146 -0.054293 59.488644 -193.931824 15.541635
4.388054 0.132846 -1.355863 -0.755331 -15.941104 162.696655 90.655907 0.216633 -0.329584 2.595476 -0.109274 -0.417136 153.432724 0.162202 -0.27293 -0.441977 35.344643 46.334122 -46.411392
4.413056 0.132772 -1.355799 -0.755332 -15.940655 162.694565 90.634712 0.053899 -0.250841 -2.543194 -0.113315 -0.416994 153.430817 -0.486618 0.018031 -0.232761 -77.734566 34.983658 25.006001
4.438057 0.132815 -1.355817 -0.755175 -15.931746 162.686905 90.634872 1.068934 -0.919139 0.019225 -0.116248 -0.409656 153.438354 -0.345594 0.879407 0.903972 16.87393 102.197235 137.272552
4.463058 0.132866 -1.355862 -0.75518 -15.937502 162.695236 90.619431 -0.690639 0.999739 -1.852996 -0.108403 -0.4157 153.436996 0.940319 -0.725354 -0.16643 156.287933 -191.770432 -129.645325
4.48806 0.132887 -1.355801 -0.755206 -15.942383 162.688248 90.613098 -0.585654 -0.838545 -0.759817 -0.107938 -0.413746 153.437729 0.056461 0.23439 0.086873 -105.683182 115.640419 28.503439
4.513071 0.132742 -1.355868 -0.755155 -15.945554 162.687057 90.61972 -0.380495 -0.142814 0.794634 -0.107062 -0.425069 153.429199 0.097813 -1.35722 -1.02653 5.507456 -191.108215 -133.426758
4.538072 0.132782 -1.355812 -0.755274 -15.928169 162.695251 90.613678 2.086029 0.983222 -0.725058 -0.110703 -0.41469 153.434387 -0.432207 1.244119 0.62325 -58.913105 312.413971 197.58696
4.563073 0.132751 -1.355849 -0.755124 -15.933017 162.688446 90.627846 -0.581671 -0.816605 1.70004 -0.109114 -0.41442 153.430878 0.187717 0.032783 -0.420238 77.108665 -144.378372 -126.332161
4.588074 0.132814 -1.355857 -0.755145 -15.929848 162.699142 90.61335 0.380281 1.283548 -1.739473 -0.115587 -0.410864 153.436142 -0.77234 0.425377 0.628821 -115.273819 47.522579 125.729446
4.613075 0.132708 -1.355852 -0.755158 -15.936769 162.693832 90.612434 -0.830566 -0.637172 -0.109857 -0.113851 -0.419405 153.43013 0.203167 -1.023652 -0.726161 118.264679 -171.651443 -164.943451
4.638076 0.132785 -1.355857 -0.755186 -15.924703 162.699585 90.617516 1.447997 0.690296 0.609731 -0.115591 -0.421644 153.438873 -0.201377 -0.270471 1.047259 -44.733372 91.07415 212.501404
4.663077 0.132816 -1.355825 -0.755373 -15.933313 162.693787 90.617279 -1.03323 -0.695762 -0.02838 -0.111599 -0.418928 153.44043 0.480496 0.325372 0.188309 81.332291 71.854797 -102.82029
4.688078 0.132774 -1.355798 -0.755379 -15.937088 162.689941 90.639748 -0.452932 -0.4614 2.696079 -0.105378 -0.415006 153.436264 0.742499 0.472896 -0.501351 31.91255 17.009506 -82.897644
4.71308 0.132723 -1.355909 -0.755315 -15.931403 162.680603 90.637054 0.682119 -1.120501 -0.323151 -0.111275 -0.421951 153.430176 -0.712986 -0.831839 -0.73468 -174.433243 -156.902939 -25.969797
4.738081 0.13285 -1.355848 -0.755266 -15.925274 162.693817 90.629318 0.735443 1.585545 -0.928258 -0.109245 -0.422621 153.433182 0.24651 -0.081955 0.358345 117.024261 88.320808 132.270889
4.763083 0.132835 -1.35584 -0.755331 -15.940465 162.686615 90.623459 -1.822759 -0.864177 -0.703059 -0.10564 -0.421699 153.434448 0.433826 0.109819 0.15121 22.440311 22.903856 -24.952765
4.788105 0.132867 -1.355886 -0.755283 -15.92155 162.510376 90.533707 2.267165 -21.123934 -10.75766 -0.106796 -0.423164 153.436203 -0.136699 -0.176831 0.207738 -68.396431 -34.305275 7.035413
4.813124 0.132836 -1.355908 -0.755185 -15.943757 162.703659 90.632439 -2.664827 23.193588 11.847644 -0.108789 -0.429157 153.430954 -0.244135 -0.717978 -0.631906 -13.204177 -64.697487 -100.906776
4.838141 0.132906 -1.355843 -0.75507 -15.908771 162.387436 90.443153 4.190082 -37.87178 -22.669342 -0.113671 -0.416979 153.436966 -0.579002 1.456863 0.719985 -38.061722 259.748596 163.079071
4.863142 0.132859 -1.355836 -0.755152 -15.947861 162.692215 90.603462 -4.690561 36.571476 19.236004 -0.115308 -0.416217 153.439957 -0.193647 0.090154 0.358564 47.361313 -163.54509 -45.035732
4.888149 0.132863 -1.355792 -0.755283 -15.942146 162.691299 90.613174 0.685692 -0.109857 1.165402 -0.10473 -0.419397 153.438492 1.268057 -0.381103 -0.177474 175.495834 -56.329548 -64.512444
4.91315 0.132873 -1.355849 -0.75534 -15.942725 162.686157 90.629021 -0.069462 -0.617032 1.901446 -0.103671 -0.426264 153.439789 0.128167 -0.824495 0.152639 -136.517776 -52.315281 40.776104
4.938151 0.132933 -1.355776 -0.755371 -15.944501 162.699158 90.63932 -0.213085 1.560032 1.235941 -0.10183 -0.417726 153.444412 0.225185 1.023691 0.552638 12.325461 221.883667 47.520061
4.963152 0.132814 -1.355789 -0.755398 -15.951715 162.690399 90.64299 -0.865617 -1.051008 0.440361 -0.104646 -0.408417 153.440628 -0.341239 1.117947 -0.453271 -65.809265 10.854903 -120.727943
4.988154 0.13287 -1.355762 -0.755284 -15.936161 162.679367 90.639259 1.866242 -1.323728 -0.447651 -0.103982 -0.418325 153.439651 0.078769 -1.189161 -0.121504 49.65147 -277.056488 38.181778
5.013155 0.132861 -1.355823 -0.755162 -15.943555 162.68251 90.629128 -0.887212 0.377177 -1.215754 -0.107588 -0.425933 153.433701 -0.437839 -0.91219 -0.716692 -63.471249 33.128147 -71.45591
5.038156 0.132849 -1.355764 -0.755256 -15.943027 162.696014 90.617905 0.063285 1.620456 -1.346718 -0.105381 -0.416475 153.442368 0.27266 1.132699 1.039696 88.623688 243.712326 212.724487
5.063157 0.132805 -1.355809 -0.755193 -15.941565 162.68898 90.629219 0.175549 -0.844102 1.357705 -0.109368 -0.41168 153.44368 -0.477208 0.575366 0.15632 -87.884811 -67.366135 -105.683609
5.088159 0.132878 -1.355796 -0.755146 -15.93514 162.681885 90.614708 0.770917 -0.851361 -1.741171 -0.107374 -0.415376 153.443054 0.239283 -0.444194 -0.078479 86.262329 -122.095993 -29.194975
5.11316 0.132925 -1.355778 -0.755243 -15.944436 162.686478 90.612549 -1.115508 0.551117 -0.25908 -0.101821 -0.421827 153.441116 0.66473 -0.7745 -0.23669 50.903336 -39.715076 -18.817163
5.138166 0.132949 -1.355742 -0.755169 -15.940965 162.590515 90.571823 0.416302 -11.508224 -4.883996 -0.105407 -0.41156 153.445984 -0.42558 1.230295 0.584393 -129.463806 241.539215 95.708649
5.163167 0.132876 -1.355715 -0.755241 -15.952958 162.680008 90.615219 -1.439129 10.738541 5.207231 -0.105648 -0.412505 153.441208 -0.032926 -0.113102 -0.575548 50.108326 -160.129013 -140.416397
5.188169 0.132763 -1.355667 -0.755644 -15.944184 162.676895 90.623985 1.052799 -0.373515 1.051883 -0.093349 -0.408259 153.438049 1.473108 0.510597 -0.380024 180.76059 74.825798 23.504957
5.21317 0.132715 -1.355837 -0.755657 -15.931322 162.677261 90.675705 1.543439 0.043945 6.206255 -0.095835 -0.413276 153.436935 -0.299222 -0.602412 -0.133993 -212.970413 -132.754501 32.95134
5.238171 0.132661 -1.355786 -0.755457 -15.924945 162.691376 90.673775 0.765224 1.693632 -0.231616 -0.1056 -0.406247 153.439713 -1.169145 0.842525 0.331038 -103.787949 173.085709 56.717144
5.263172 0.132664 -1.355802 -0.755383 -15.918456 162.685333 90.649872 0.778613 -0.725058 -2.86819 -0.105756 -0.406387 153.438171 -0.020156 -0.016392 -0.187478 138.795685 -101.767776 -64.315437
5.288178 0.132605 -1.355748 -0.755411 -15.919442 162.693481 90.644394 -0.11833 0.977767 -0.657337 -0.104097 -0.404851 153.436874 0.197767 0.184412 -0.157567 26.151382 24.09486 3.597764
5.313179 0.132588 -1.35581 -0.75529 -15.911744 162.680847 90.644333 0.923716 -1.51603 -0.007324 -0.108183 -0.411758 153.433517 -0.492937 -0.828593 -0.402793 -82.788704 -121.654015 -29.007193
5.33818 0.132633 -1.35574 -0.755394 -15.9097 162.688278 90.629814 0.245233 0.891675 -1.742153 -0.104759 -0.407202 153.436386 0.413239 0.546658 0.343624 110.042587 164.235977 91.003319
5.363182 0.132548 -1.355742 -0.755378 -15.914446 162.673523 90.638756 -0.569405 -1.770464 1.072897 -0.104724 -0.404264 153.431183 -0.000423 0.354044 -0.624494 -48.519756 -23.938114 -115.992111
5.388981 0.132631 -1.355712 -0.755478 -15.904844 162.680038 90.640327 1.152127 0.781817 0.188588 -0.097787 -0.41138 153.43605 0.836586 -0.855639 0.581028 99.541466 -145.146317 144.669693
5.413982 0.132469 -1.355743 -0.755465 -15.914843 162.676483 90.652412 -1.199733 -0.426612 1.450116 -0.099375 -0.411678 153.431961 -0.19413 -0.035242 -0.494205 -125.598061 96.529854 -130.45723
5.438984 0.132639 -1.355718 -0.755446 -15.895997 162.686462 90.654312 2.26143 1.19749 0.227963 -0.102934 -0.413442 153.433807 -0.425437 -0.212279 0.219457 -27.70537 -21.53441 85.565323
5.463985 0.13267 -1.355776 -0.755208 -15.915833 162.677185 90.648483 -2.380239 -1.11322 -0.699424 -0.110346 -0.418653 153.432434 -0.890468 -0.625337 -0.166743 -55.972202 -49.218891 -46.706665
5.488986 0.132754 -1.355704 -0.755377 -15.920082 162.690414 90.623474 -0.509826 1.587498 -3.001049 -0.10625 -0.43012 153.432663 0.491817 -1.376124 0.025154 166.131424 -90.439774 21.619623
5.513988 0.13277 -1.355769 -0.755456 -15.929655 162.675491 90.64016 -1.148694 -1.790672 2.002147 -0.099834 -0.423925 153.438858 0.77549 0.741717 0.742989 36.072834 254.844269 84.001808
5.538989 0.132722 -1.355828 -0.755205 -15.930908 162.677048 90.64621 -0.150361 0.18675 0.725945 -0.113397 -0.424539 153.4328 -1.632911 -0.07212 -0.729592 -286.672791 -100.004257 -175.373718
5.56399 0.132827 -1.355871 -0.75505 -15.926403 162.696686 90.623131 0.54061 2.356529 -2.769425 -0.119621 -0.420774 153.437485 -0.742511 0.450785 0.559769 106.998421 58.311092 156.447159
5.588992 0.132869 -1.355842 -0.75503 -15.938374 162.695541 90.600983 -1.436383 -0.137322 -2.657629 -0.11319 -0.426895 153.438141 0.772419 -0.734341 0.074335 182.255524 -141.437729 -60.094589
5.613993 0.13283 -1.355893 -0.754975 -15.943401 162.692078 90.59861 -0.603299 -0.415626 -0.284713 -0.115496 -0.428333 153.431503 -0.282808 -0.171292 -0.798674 -127.956367 66.132507 -105.661026
5.638994 0.132943 -1.355784 -0.754985 -15.93938 162.704514 90.595505 0.482589 1.492285 -0.372613 -0.11129 -0.423854 153.438995 0.511498 0.536024 0.897082 95.91114 83.861588 203.910309
5.663995 0.132839 -1.355785 -0.754903 -15.952933 162.691345 90.596664 -1.626408 -1.580174 0.139158 -0.114152 -0.419714 153.440521 -0.341586 0.495864 0.18358 -101.562729 -5.57826 -85.569229
5.688996 0.132924 -1.355855 -0.754906 -15.939804 162.685226 90.583328 1.575422 -0.734213 -1.600254 -0.117951 -0.42647 153.447083 -0.450129 -0.812201 0.786002 -13.641668 -157.383499 71.361053
5.713997 0.132894 -1.355752 -0.755158 -15.950056 162.693649 90.583672 -1.230172 1.010686 0.041196 -0.109247 -0.427077 153.444473 1.042048 -0.072123 -0.313904 177.175049 89.819107 -131.29071
5.738998 0.132985 -1.35571 -0.755303 -15.946391 162.681244 90.613976 0.439772 -1.488566 3.636275 -0.101804 -0.417585 153.447052 0.895491 1.138393 0.311719 -17.512283 146.594574 72.418198
5.763999 0.132898 -1.355718 -0.755365 -15.957352 162.676163 90.631378 -1.315197 -0.609707 2.088202 -0.104172 -0.414086 153.450317 -0.281236 0.419624 0.390315 -141.395157 -86.089211 10.778406
5.789001 0.132888 -1.355743 -0.755346 -15.9456 162.664673 90.631844 1.410069 -1.378602 0.05584 -0.103598 -0.414185 153.447891 0.06693 -0.011473 -0.293591 42.37389 -51.317982 -82.313049
5.814002 0.132804 -1.355743 -0.755427 -15.946324 162.686432 90.640007 -0.086974 2.611041 0.979598 -0.096871 -0.424338 153.441498 0.801697 -1.21712 -0.769274 88.157669 -144.741348 -56.911751
5.839003 0.132839 -1.35569 -0.755373 -15.936259 162.686508 90.649734 1.20779 0.009155 1.167278 -0.096855 -0.420711 153.442871 0.002979 0.435212 0.163512 -93.493919 199.803497 109.190483
5.864007 0.132886 -1.355705 -0.755345 -15.939774 162.673767 90.639771 -0.421691 -1.528846 -1.195613 -0.093967 -0.419973 153.438873 0.34278 0.089334 -0.48109 41.361362 -41.503391 -77.347069
5.889027 0.132865 -1.355706 -0.755319 -15.946007 162.681839 90.639877 -0.747973 0.968612 0.012817 -0.094301 -0.421313 153.43927 -0.039564 -0.161463 0.046308 -45.977875 -29.716557 63.465942
5.914028 0.13284 -1.355675 -0.755411 -15.942972 162.675674 90.633209 0.364131 -0.739705 -0.800127 -0.089846 -0.424827 153.437119 0.532578 -0.421263 -0.260847 68.549385 -31.149672 -36.877472
5.939029 0.132805 -1.355647 -0.755419 -15.94056 162.678314 90.647842 0.289416 0.316767 1.755952 -0.089336 -0.41206 153.440887 0.064716 1.53103 0.452022 -55.545593 235.051605 83.380005
5.964031 0.132885 -1.35559 -0.755433 -15.935766 162.668671 90.64521 0.575263 -1.157162 -0.315839 -0.093171 -0.413357 153.444809 -0.456561 -0.156539 0.467984 -62.604362 -202.493774 2.14497
5.989032 0.132946 -1.355615 -0.755389 -15.944695 162.655563 90.643456 -1.071295 -1.572729 -0.210552 -0.094192 -0.417958 153.440567 -0.12593 -0.552374 -0.509957 39.344673 -46.562492 -117.713974
6.014033 0.132845 -1.355709 -0.755316 -15.953266 162.671158 90.645187 -1.028578 1.871307 0.207821 -0.097941 -0.427998 153.435135 -0.454674 -1.204006 -0.655033 -39.615479 -78.156288 -17.577871
6.039034 0.13297 -1.355697 -0.755276 -15.940467 162.676025 90.632843 1.535827 0.584074 -1.481241 -0.097044 -0.42211 153.44104 0.112912 0.705656 0.707711 71.558556 227.799042 165.411636
6.064035 0.132876 -1.355592 -0.755472 -15.955519 162.674713 90.628113 -1.806122 -0.157462 -0.567596 -0.095684 -0.409063 153.443436 0.165392 1.565393 0.287691 6.916855 103.065987 -50.589733
6.089037 0.13299 -1.355607 -0.755438 -15.94358 162.655792 90.648178 1.432552 -2.270295 2.407611 -0.09142 -0.420475 153.438477 0.507107 -1.367822 -0.597909 43.884777 -352.235046 -105.353943
6.114038 0.132893 -1.355659 -0.755562 -15.958593 162.670135 90.651024 -1.801614 1.721163 0.341486 -0.08903 -0.424854 153.434708 0.283293 -0.52455 -0.455714 -26.456276 101.336479 16.167997
6.139039 0.132881 -1.355717 -0.755394 -15.94631 162.67012 90.662422 1.473917 -0.001831 1.367722 -0.095882 -0.415456 153.439224 -0.818247 1.126919 0.543108 -131.088928 198.74585 118.897179
6.16404 0.132903 -1.355705 -0.755332 -15.944793 162.677078 90.642319 0.182066 0.834915 -2.412282 -0.097991 -0.410608 153.444763 -0.248498 0.581081 0.665077 68.082634 -65.697342 13.698537
6.189041 0.132957 -1.355672 -0.755389 -15.947487 162.675644 90.634789 -0.323278 -0.17211 -0.903575 -0.086416 -0.408586 153.442108 1.386815 0.243414 -0.320635 197.422165 -39.993732 -118.454361
6.214043 0.132907 -1.355665 -0.755409 -15.954625 162.677933 90.645164 -0.856576 0.274654 1.245096 -0.08593 -0.417909 153.438339 0.054901 -1.117946 -0.454477 -159.80542 -163.702103 -12.103193
6.239044 0.132797 -1.355635 -0.755434 -15.948524 162.677078 90.647552 0.732067 -0.102537 0.286555 -0.086706 -0.405682 153.436798 -0.094545 1.46792 -0.185242 -17.308935 310.327789 32.032528
6.264058 0.132738 -1.355689 -0.75534 -15.935413 162.673523 90.650642 1.573308 -0.426629 0.370782 -0.10022 -0.397331 153.444901 -1.614889 1.000743 0.973988 -186.003555 -56.253056 138.996078
6.289059 0.132826 -1.355658 -0.755349 -15.928329 162.679962 90.639229 0.850053 0.772692 -1.369606 -0.092724 -0.406474 153.444244 0.899305 -1.097456 -0.081418 304.004822 -248.088211 -133.754745
6.31406 0.13278 -1.355599 -0.755477 -15.93825 162.669968 90.636932 -1.190349 -1.199275 -0.275559 -0.085711 -0.41921 153.435715 0.834335 -1.526873 -1.025589 -9.954406 -53.316803 -112.434387
6.339061 0.132843 -1.355646 -0.755385 -15.932762 162.662842 90.652214 0.658457 -0.855055 1.8337 -0.092248 -0.409447 153.442535 -0.77854 1.170356 0.818487 -187.693863 326.744141 216.73996
6.364063 0.132833 -1.355711 -0.755291 -15.940896 162.674759 90.644699 -0.97605 1.43003 -0.901779 -0.096935 -0.404217 153.448318 -0.557098 0.626181 0.691929 26.886778 -65.086769 -16.072239
6.389064 0.132877 -1.355677 -0.7554 -15.939135 162.676392 90.629913 0.211361 0.195912 -1.774194 -0.092584 -0.404959 153.443726 0.518178 -0.088514 -0.552808 130.647552 -84.283722 -150.198212
6.414065 0.13289 -1.355563 -0.755463 -15.944306 162.672272 90.642998 -0.620579 -0.494357 1.570042 -0.078286 -0.420739 153.439819 1.712615 -1.893224 -0.472722 143.308548 -216.456909 11.568032
6.439066 0.132938 -1.355645 -0.755342 -15.946489 162.664902 90.654068 -0.261951 -0.884385 1.328408 -0.090165 -0.41119 153.447998 -1.41825 1.144994 0.981364 -370.156494 369.56424 163.719162
6.464067 0.132946 -1.355698 -0.755345 -15.95225 162.674683 90.639488 -0.691326 1.173687 -1.749544 -0.096301 -0.405267 153.455109 -0.730229 0.709782 0.849282 82.882225 -51.815693 -17.13649
6.489078 0.132921 -1.355712 -0.75533 -15.952579 162.674805 90.636414 -0.03948 0.014648 -0.368937 -0.088721 -0.419144 153.449203 0.904831 -1.664561 -0.712732 198.561218 -282.460724 -191.129211
6.51408 0.132903 -1.355689 -0.755315 -15.94969 162.676498 90.634644 0.346737 0.203236 -0.212391 -0.089921 -0.417751 153.445786 -0.146988 0.168013 -0.41102 -125.213432 220.438522 32.743668
6.539081 0.132929 -1.355743 -0.755204 -15.947417 162.673706 90.632828 0.272698 -0.335064 -0.217883 -0.098052 -0.408181 153.447021 -0.974316 1.147408 0.148877 -99.469177 117.348717 67.481506
6.564082 0.132927 -1.355759 -0.755118 -15.951159 162.686462 90.622955 -0.449059 1.530737 -1.184673 -0.106531 -0.404593 153.447968 -1.016549 0.430295 0.113484 -4.973655 -85.966347 -5.709991
6.589083 0.133007 -1.355685 -0.755191 -15.950311 162.682114 90.609177 0.101847 -0.521822 -1.653351 -0.098275 -0.407181 153.443756 0.987103 -0.3098 -0.507136 240.986862 -87.466927 -76.039139
6.614085 0.13304 -1.355729 -0.755171 -15.959972 162.673294 90.617973 -1.159337 -1.058291 1.055545 -0.102345 -0.416303 153.444794 -0.487753 -1.094136 0.121541 -176.568695 -92.80323 77.040604
6.639086 0.133119 -1.355691 -0.755276 -15.964542 162.684708 90.618996 -0.548392 1.369606 0.122679 -0.106094 -0.407728 153.448227 -0.446776 1.028609 0.414484 5.62817 254.41394 37.339069
6.664087 0.133054 -1.355629 -0.755249 -15.973387 162.674026 90.628113 -1.061267 -1.281668 1.093995 -0.100413 -0.410352 153.443619 0.678264 -0.314718 -0.555894 137.095047 -160.258575 -117.72245
6.689089 0.133048 -1.355625 -0.755371 -15.966251 162.672699 90.62838 0.856232 -0.159299 0.032043 -0.100959 -0.417618 153.438522 -0.070126 -0.870425 -0.616136 -89.848793 -66.764511 -6.438564
6.71409 0.133011 -1.355644 -0.755289 -15.965489 162.672272 90.642982 0.091437 -0.051269 1.75229 -0.100714 -0.415629 153.437561 0.028457 0.239326 -0.114335 12.745862 133.088882 60.388878
6.739092 0.13304 -1.355596 -0.755292 -15.959855 162.662094 90.626244 0.676054 -1.2212 -2.00848 -0.103166 -0.411651 153.444794 -0.28801 0.476156 0.865636 -38.463173 28.478409 117.568268
6.764093 0.132985 -1.355688 -0.755217 -15.963951 162.662537 90.629974 -0.491497 0.053098 0.447668 -0.105471 -0.410978 153.445404 -0.27597 0.080319 0.070892 2.234743 -47.011772 -95.603661
6.789094 0.132955 -1.355681 -0.755351 -15.957883 162.679871 90.624557 0.728176 2.080044 -0.650014 -0.096978 -0.409021 153.440201 1.014588 0.236047 -0.624115 154.979019 19.088697 -83.308037
6.814095 0.132954 -1.355733 -0.755314 -15.953683 162.672668 90.637047 0.50397 -0.86421 1.498635 -0.096802 -0.418792 153.435608 0.017081 -1.171176 -0.55547 -119.764801 -168.68457 11.226945
6.839097 0.132977 -1.355741 -0.755309 -15.953543 162.67897 90.632629 0.016822 0.756184 -0.530061 -0.096545 -0.415057 153.436783 0.031752 0.448309 0.140354 3.466997 194.341446 83.467056
6.864098 0.13302 -1.355756 -0.755239 -15.956418 162.679977 90.63205 -0.34502 0.120843 -0.069576 -0.107192 -0.418418 153.442856 -1.272267 -0.404871 0.726593 -157.024307 -102.333282 70.407608
6.889099 0.13309 -1.355814 -0.755139 -15.962171 162.688004 90.62719 -0.690296 0.963118 -0.583181 -0.106743 -0.419987 153.440689 0.051866 -0.18769 -0.260022 158.0354 28.675653 -117.784355
6.9141 0.133009 -1.355766 -0.75519 -15.969878 162.688721 90.611656 -0.924861 0.086055 -1.863911 -0.105561 -0.426629 153.441895 0.143152 -0.798269 0.138091 11.110022 -73.22271 47.835205
6.939101 0.133051 -1.355657 -0.755251 -15.959589 162.676666 90.614265 1.234587 -1.446398 0.313081 -0.098127 -0.423109 153.447556 0.897076 0.421247 0.678407 91.362648 146.484802 64.478951
6.964102 0.132963 -1.355727 -0.755249 -15.965261 162.669876 90.625061 -0.680657 -0.814774 1.295399 -0.115653 -0.412658 153.44664 -2.103989 1.253953 -0.108991 -359.414063 98.432053 -96.022629
6.989104 0.132951 -1.355718 -0.755161 -15.954644 162.678253 90.624825 1.274 1.005193 -0.02838 -0.113511 -0.410789 153.444885 0.255549 0.224564 -0.208783 283.431091 -122.995605 -16.503464
7.014105 0.132837 -1.355785 -0.755065 -15.953291 162.677277 90.614334 0.162383 -0.117181 -1.258781 -0.114362 -0.420826 153.442642 -0.103853 -1.203959 -0.271066 -43.106136 -171.444168 -6.709463
7.03911 0.13281 -1.355742 -0.755047 -15.940144 162.691544 90.606285 1.577657 1.712008 -0.965865 -0.117472 -0.406257 153.441208 -0.374306 1.748226 -0.170321 -32.182941 354.232605 12.742265
7.064111 0.132866 -1.355705 -0.755126 -15.935738 162.673782 90.597092 0.528667 -2.131148 -1.103107 -0.11359 -0.408302 153.447159 0.471122 -0.247503 0.710333 98.238419 -240.125275 104.164795
7.089112 0.132925 -1.355695 -0.755177 -15.943689 162.681976 90.61364 -0.954193 0.98326 1.985746 -0.109404 -0.40958 153.441696 0.498093 -0.153267 -0.657537 2.543519 9.950055 -164.228653
7.114113 0.132779 -1.355775 -0.755296 -15.950168 162.674423 90.616173 -0.777354 -0.906322 0.303938 -0.111195 -0.407244 153.437836 -0.218409 0.281935 -0.465115 -85.915123 52.419342 22.63496
7.139114 0.132837 -1.355709 -0.755321 -15.932609 162.683975 90.63044 2.10697 1.146177 1.711941 -0.110135 -0.407669 153.442688 0.131138 -0.052453 0.58149 41.321514 -40.596123 125.433792
7.164115 0.132837 -1.355786 -0.755159 -15.940156 162.682373 90.636986 -0.90567 -0.192257 0.785509 -0.118053 -0.409878 153.44191 -0.9507 -0.264734 -0.096696 -129.8918 -25.659492 -81.321999
7.189117 0.13283 -1.355829 -0.75509 -15.939553 162.685349 90.614082 0.072323 0.357036 -2.748261 -0.120844 -0.416137 153.440491 -0.336347 -0.749913 -0.173527 73.679581 -58.058853 -10.183539
7.214118 0.132898 -1.355871 -0.754971 -15.938123 162.684311 90.602394 0.171645 -0.1245 -1.402457 -0.120898 -0.434103 153.435867 -0.010375 -2.155406 -0.562412 38.513222 -168.369202 -47.632214
7.23912 0.133 -1.355788 -0.75513 -15.946841 162.695541 90.591446 -1.046161 1.347582 -1.313709 -0.113661 -0.426959 153.443497 0.875351 0.855639 0.914703 112.957237 361.18689 177.534576
7.264121 0.13299 -1.355812 -0.75511 -15.959763 162.691772 90.614037 -1.550534 -0.452263 2.710831 -0.120911 -0.425777 153.443466 -0.869919 0.141792 -0.006361 -207.773209 -87.325218 -109.212769
7.289122 0.133005 -1.355802 -0.755232 -15.958534 162.694717 90.611671 0.147397 0.353388 -0.283809 -0.114688 -0.425158 153.441742 0.745448 0.073765 -0.206538 193.899719 -7.797761 -24.141954
7.314124 0.133045 -1.355842 -0.755144 -15.959683 162.687286 90.622871 -0.137894 -0.891674 1.34392 -0.112172 -0.43623 153.438995 0.299384 -1.327715 -0.333802 -53.531597 -168.352646 -13.081706
7.339125 0.13305 -1.355805 -0.755041 -15.965129 162.69841 90.615768 -0.653447 1.334817 -0.852342 -0.119831 -0.422555 153.441055 -0.917097 1.640038 0.251306 -144.392776 356.478363 68.413902
7.364127 0.133105 -1.355819 -0.755065 -15.965133 162.687714 90.599892 -0.000458 -1.283499 -1.905108 -0.121423 -0.423553 153.44725 -0.18561 -0.121297 0.7409 86.139816 -212.255035 55.38456
7.390034 0.133056 -1.355783 -0.755124 -15.971691 162.689377 90.602783 -0.786967 0.199574 0.346966 -0.114952 -0.423127 153.447586 0.776622 0.050814 0.039548 115.28183 20.923817 -84.090652
7.415048 0.132958 -1.355842 -0.755059 -15.965821 162.684952 90.609833 0.704345 -0.530976 0.8459 -0.115708 -0.426497 153.444061 -0.093573 -0.404052 -0.425972 -104.368011 -55.332939 -55.114758
7.440064 0.133025 -1.355773 -0.755054 -15.954103 162.691986 90.602013 1.406172 0.844069 -0.938364 -0.110923 -0.42062 153.444702 0.574752 0.704836 0.077889 80.622627 132.957565 60.684052
7.465065 0.133018 -1.355774 -0.754933 -15.962118 162.683884 90.601524 -0.961823 -0.972237 -0.058591 -0.115775 -0.416333 153.445419 -0.581545 0.514695 0.0846 -138.758255 -22.807207 1.033996
7.490067 0.133059 -1.355719 -0.755162 -15.961288 162.683884 90.586937 0.099558 0.0 -1.750391 -0.110973 -0.41686 153.446655 0.577499 -0.063927 0.145677 139.015152 -69.500969 6.624163
7.515069 0.132937 -1.355819 -0.755115 -15.96677 162.683548 90.617966 -0.657796 -0.040283 3.723388 -0.115812 -0.426264 153.437881 -0.587981 -1.126963 -1.056223 -140.013168 -129.01059 -142.929672
7.540071 0.132963 -1.355728 -0.75527 -15.951513 162.689301 90.60878 1.830724 0.690269 -1.102234 -0.112438 -0.418563 153.444397 0.410701 0.922844 0.783134 124.186035 243.614426 223.334671
7.565072 0.132888 -1.355765 -0.755266 -15.955332 162.684708 90.630943 -0.458214 -0.551138 2.659563 -0.11512 -0.414385 153.443832 -0.322187 0.501601 -0.068039 -86.296005 -51.267372 -101.773041
7.590073 0.133109 -1.355745 -0.755225 -15.945121 162.676483 90.623466 1.225204 -0.986846 -0.897133 -0.117938 -0.416751 153.448395 -0.334117 -0.285202 0.54439 -2.073332 -94.815712 72.958633
7.615074 0.133008 -1.355767 -0.755189 -15.972764 162.6866 90.625443 -3.317128 1.213969 0.237118 -0.113641 -0.42362 153.443832 0.511971 -0.823707 -0.549988 100.869667 -63.858997 -131.690002
7.640075 0.133123 -1.355699 -0.755231 -15.960137 162.683044 90.617737 1.515115 -0.426612 -0.924632 -0.111088 -0.415709 153.45163 0.313457 0.947432 0.938028 -21.261681 214.079422 176.70723
7.665077 0.133109 -1.355699 -0.755169 -15.974452 162.681076 90.626129 -1.717729 -0.236202 1.007063 -0.113949 -0.422294 153.451904 -0.343106 -0.790923 0.029731 -76.995895 -209.178101 -107.890678
7.69009 0.133049 -1.355808 -0.755194 -15.972785 162.681091 90.618797 0.200039 0.001831 -0.879807 -0.120147 -0.420738 153.454819 -0.741346 0.186871 0.347914 -47.255547 117.100792 38.888691
7.715091 0.133081 -1.355852 -0.755131 -15.964988 162.688034 90.618332 0.935618 0.833084 -0.055844 -0.122098 -0.427236 153.448364 -0.23961 -0.778599 -0.776126 60.639984 -114.090942 -136.371536
7.740092 0.133179 -1.355787 -0.755046 -15.968852 162.693283 90.610664 -0.463689 0.629848 -0.920054 -0.12385 -0.428543 153.45108 -0.207467 -0.158178 0.321891 5.643728 73.876701 132.072098
7.765094 0.133098 -1.355773 -0.755092 -15.981227 162.691757 90.604027 -1.484961 -0.183102 -0.796496 -0.12177 -0.421629 153.449173 0.248001 0.830264 -0.226812 54.476105 118.848251 -65.416245
7.790095 0.133216 -1.355719 -0.755213 -15.9709 162.683762 90.60598 1.239212 -0.95942 0.234362 -0.113747 -0.42597 153.446564 0.960656 -0.520432 -0.314549 85.658142 -162.118118 -9.828626
7.815096 0.133114 -1.355855 -0.755146 -15.98502 162.677246 90.620529 -1.694318 -0.781817 1.745814 -0.121282 -0.436707 153.442566 -0.907681 -1.287556 -0.48367 -224.382294 -92.377014 -18.743895
7.840098 0.133091 -1.355832 -0.755072 -15.972157 162.687469 90.609009 1.543435 1.226692 -1.382317 -0.122491 -0.426681 153.450592 -0.138097 1.201455 0.964594 96.315544 295.81192 178.611191
7.865099 0.133094 -1.35585 -0.75504 -15.970695 162.697113 90.607071 0.175435 1.157207 -0.23254 -0.127508 -0.426044 153.453842 -0.599076 0.075404 0.388286 -53.863834 -134.947769 -69.494522
7.8901 0.132991 -1.355879 -0.755013 -15.969727 162.686798 90.596352 0.116147 -1.237677 -1.286195 -0.128555 -0.433468 153.442551 -0.135438 -0.888388 -1.357364 55.883324 -113.443993 -210.660034
7.915102 0.13304 -1.355917 -0.755049 -15.958061 162.696548 90.596634 1.399764 1.16998 0.033873 -0.125487 -0.432109 153.447708 0.373216 0.161457 0.619605 64.706116 125.348663 237.558929
7.940114 0.133004 -1.355803 -0.755058 -15.964542 162.70723 90.604317 -0.777727 1.281717 0.92192 -0.124711 -0.430966 153.445496 0.091368 0.137694 -0.265552 -33.516579 -3.54071 -106.195976
7.965116 0.132925 -1.355817 -0.755266 -15.958945 162.681152 90.59848 0.671591 -3.12898 -0.700313 -0.121719 -0.427165 153.447174 0.360124 0.455668 0.199776 32.113701 38.242481 55.772423
7.990117 0.133048 -1.355883 -0.755043 -15.950673 162.695282 90.630386 0.992644 1.695528 3.828671 -0.128195 -0.429579 153.444351 -0.779775 -0.288502 -0.338482 -136.273651 -89.699631 -64.032021
8.015119 0.132929 -1.355824 -0.755075 -15.96493 162.697021 90.600136 -1.710683 0.208729 -3.629867 -0.123007 -0.434847 153.439087 0.61798 -0.631075 -0.636635 167.541626 -40.616627 -36.331005
8.040119 0.133023 -1.3558 -0.755005 -15.95062 162.68985 90.603966 1.717091 -0.860548 0.459569 -0.127635 -0.430976 153.447037 -0.548193 0.463061 0.954789 -137.814896 133.31163 189.562485
8.065122 0.133011 -1.355809 -0.75496 -15.961816 162.686935 90.595581 -1.343462 -0.349712 -1.006109 -0.131472 -0.426409 153.446808 -0.460504 0.547478 -0.025425 11.463055 11.261811 -117.51162
8.090123 0.133085 -1.355846 -0.754911 -15.961085 162.694427 90.593689 0.08766 0.899033 -0.227047 -0.130614 -0.43561 153.442032 0.098647 -1.103194 -0.576808 67.749825 -197.534821 -67.770203
8.115124 0.133055 -1.355905 -0.75491 -15.969895 162.698746 90.587791 -1.057187 0.51818 -0.707691 -0.13142 -0.445301 153.439636 -0.098927 -1.162205 -0.289109 -23.043745 -7.023228 34.52837
8.140135 0.133113 -1.355784 -0.755003 -15.949162 162.530685 90.490082 2.485339 -20.145182 -11.712337 -0.127487 -0.438767 153.443192 0.474924 0.781884 0.423513 70.526253 232.876068 85.86467
8.165137 0.133026 -1.355791 -0.755012 -15.972682 162.685135 90.595398 -2.822301 18.532917 12.637245 -0.126618 -0.432473 153.439819 0.101341 0.75647 -0.405276 -43.464432 -3.864309 -99.411919
8.19014 0.133095 -1.355766 -0.75503 -15.962258 162.685944 90.596413 1.250771 0.097041 0.121758 -0.124446 -0.430123 153.445496 0.265755 0.280296 0.678821 18.012993 -56.89098 130.188141
8.215141 0.132976 -1.355833 -0.75501 -15.970546 162.682861 90.598564 -0.994437 -0.369853 0.258164 -0.125479 -0.437201 153.440002 -0.128911 -0.848262 -0.66221 -46.567616 -136.154739 -160.29866
8.240143 0.133036 -1.355826 -0.755076 -15.9563 162.691025 90.596283 1.709424 0.97956 -0.273728 -0.121235 -0.426588 153.446701 0.515461 1.271984 0.805692 79.934975 253.984665 176.787827
8.265144 0.132943 -1.355856 -0.755103 -15.963377 162.690155 90.604126 -0.849219 -0.104364 0.94111 -0.123565 -0.421494 153.446182 -0.279997 0.611405 -0.061686 -93.136299 -80.179245 -103.363487
8.290146 0.132972 -1.355802 -0.755209 -15.952255 162.693695 90.607384 1.334536 0.424781 0.390909 -0.118094 -0.416098 153.443893 0.654533 0.648286 -0.275142 112.410522 4.551113 -25.589802
8.315146 0.132882 -1.355834 -0.755226 -15.956388 162.693573 90.623604 -0.495979 -0.014648 1.946379 -0.116011 -0.425589 153.438171 0.244859 -1.137618 -0.690541 -48.632084 -214.858902 -47.409336
8.340148 0.132984 -1.355815 -0.755291 -15.945592 162.697281 90.625603 1.295564 0.444939 0.239864 -0.117442 -0.417893 153.445419 -0.16532 0.92206 0.869594 -45.510075 247.903793 186.251984
8.365149 0.132945 -1.355828 -0.755322 -15.956648 162.682663 90.626518 -1.32659 -1.753987 0.109853 -0.121842 -0.414384 153.450241 -0.523783 0.420427 0.576945 -42.4459 -60.086666 -35.288567
8.390182 0.132995 -1.355844 -0.755273 -15.923728 162.396622 90.470009 3.943034 -34.26107 -18.746176 -0.12079 -0.418593 153.450424 0.126135 -0.503948 0.01738 78.341911 -110.098717 -68.038277
8.415184 0.132986 -1.355816 -0.755285 -15.958467 162.692261 90.627792 -4.168509 35.47472 18.932972 -0.115556 -0.426972 153.446304 0.624388 -1.004802 -0.49548 59.24575 -60.237289 -61.400223
8.440186 0.13302 -1.355808 -0.755179 -15.95747 162.689011 90.629166 0.119699 -0.389993 0.164786 -0.117665 -0.418377 153.452042 -0.247562 1.02857 0.688836 -102.166435 245.500397 139.509171
8.465199 0.132916 -1.355839 -0.755138 -15.96215 162.694275 90.619965 -0.561552 0.631703 -1.104107 -0.123243 -0.414697 153.451706 -0.669822 0.442589 -0.041822 -49.097275 -69.926567 -87.982376
8.490201 0.13293 -1.355793 -0.755201 -15.949659 162.697998 90.615112 1.498808 0.44677 -0.582266 -0.115413 -0.415867 153.445129 0.933917 -0.139334 -0.789703 193.135971 -68.770943 -90.558746
8.515202 0.132836 -1.355804 -0.755054 -15.950149 162.679901 90.615616 -0.058703 -2.171427 0.060419 -0.115073 -0.426049 153.439713 0.036461 -1.221123 -0.652567 -107.66423 -129.516922 18.567738
8.540202 0.132913 -1.35573 -0.755163 -15.940111 162.693848 90.604996 1.204471 1.673556 -1.274393 -0.112095 -0.418771 153.44371 0.360788 0.872064 0.479699 41.813862 251.234787 135.784698
